1 1 1718 1717 1719
2 1 1721 1720 1722
3 1 1724 1723 1725
4 1 1727 1726 1728
5 1 1730 1729 1731
6 1 1733 1732 1734
7 1 1736 1735 1737
8 1 1739 1738 1740
9 1 1742 1741 1743
10 1 1745 1744 1746
11 1 1748 1747 1749
12 1 1751 1750 1752
13 1 1754 1753 1755
14 1 1757 1756 1758
15 1 1760 1759 1761
16 1 1763 1762 1764
17 1 1766 1765 1767
18 1 1769 1768 1770
19 1 1772 1771 1773
20 1 1775 1774 1776
21 1 1778 1777 1779
22 1 1781 1780 1782
23 1 1784 1783 1785
24 1 1787 1786 1788
25 1 1790 1789 1791
26 1 1793 1792 1794
27 1 1796 1795 1797
28 1 1799 1798 1800
29 1 1802 1801 1803
30 1 1805 1804 1806
31 1 1808 1807 1809
32 1 1811 1810 1812
33 1 1814 1813 1815
34 1 1817 1816 1818
35 1 1820 1819 1821
36 1 1823 1822 1824
37 1 1826 1825 1827
38 1 1829 1828 1830
39 1 1832 1831 1833
40 1 1835 1834 1836
41 1 1838 1837 1839
42 1 1841 1840 1842
43 1 1844 1843 1845
44 1 1847 1846 1848
45 1 1850 1849 1851
46 1 1853 1852 1854
47 1 1856 1855 1857
48 1 1859 1858 1860
49 1 1862 1861 1863
50 1 1865 1864 1866
51 1 1868 1867 1869
52 1 1871 1870 1872
53 1 1874 1873 1875
54 1 1877 1876 1878
55 1 1880 1879 1881
56 1 1883 1882 1884
57 1 1886 1885 1887
58 1 1889 1888 1890
59 1 1892 1891 1893
60 1 1895 1894 1896
61 1 1898 1897 1899
62 1 1901 1900 1902
63 1 1904 1903 1905
64 1 1907 1906 1908
65 1 1910 1909 1911
66 1 1913 1912 1914
67 1 1916 1915 1917
68 1 1919 1918 1920
69 1 1922 1921 1923
70 1 1925 1924 1926
71 1 1928 1927 1929
72 1 1931 1930 1932
73 1 1934 1933 1935
74 1 1937 1936 1938
75 1 1940 1939 1941
76 1 1943 1942 1944
77 1 1946 1945 1947
78 1 1949 1948 1950
79 1 1952 1951 1953
80 1 1955 1954 1956
81 1 1958 1957 1959
82 1 1961 1960 1962
83 1 1964 1963 1965
84 1 1967 1966 1968
85 1 1970 1969 1971
86 1 1973 1972 1974
87 1 1976 1975 1977
88 1 1979 1978 1980
89 1 1982 1981 1983
90 1 1985 1984 1986
91 1 1988 1987 1989
92 1 1991 1990 1992
93 1 1994 1993 1995
94 1 1997 1996 1998
95 1 2000 1999 2001
96 1 2003 2002 2004
97 1 2006 2005 2007
98 1 2009 2008 2010
99 1 2012 2011 2013
100 1 2015 2014 2016
101 1 2018 2017 2019
102 1 2021 2020 2022
103 1 2024 2023 2025
104 1 2027 2026 2028
105 1 2030 2029 2031
106 1 2033 2032 2034
107 1 2036 2035 2037
108 1 2039 2038 2040
109 1 2042 2041 2043
110 1 2045 2044 2046
111 1 2048 2047 2049
112 1 2051 2050 2052
113 1 2054 2053 2055
114 1 2057 2056 2058
115 1 2060 2059 2061
116 1 2063 2062 2064
117 1 2066 2065 2067
118 1 2069 2068 2070
119 1 2072 2071 2073
120 1 2075 2074 2076
121 1 2078 2077 2079
122 1 2081 2080 2082
123 1 2084 2083 2085
124 1 2087 2086 2088
125 1 2090 2089 2091
126 1 2093 2092 2094
127 1 2096 2095 2097
128 1 2099 2098 2100
129 1 2102 2101 2103
130 1 2105 2104 2106
131 1 2108 2107 2109
132 1 2111 2110 2112
133 1 2114 2113 2115
134 1 2117 2116 2118
135 1 2120 2119 2121
136 1 2123 2122 2124
137 1 2126 2125 2127
138 1 2129 2128 2130
139 1 2132 2131 2133
140 1 2135 2134 2136
141 1 2138 2137 2139
142 1 2141 2140 2142
143 1 2144 2143 2145
144 1 2147 2146 2148
145 1 2150 2149 2151
146 1 2153 2152 2154
147 1 2156 2155 2157
148 1 2159 2158 2160
149 1 2162 2161 2163
150 1 2165 2164 2166
151 1 2168 2167 2169
152 1 2171 2170 2172
153 1 2174 2173 2175
154 1 2177 2176 2178
155 1 2180 2179 2181
156 1 2183 2182 2184
157 1 2186 2185 2187
158 1 2189 2188 2190
159 1 2192 2191 2193
160 1 2195 2194 2196
161 1 2198 2197 2199
162 1 2201 2200 2202
163 1 2204 2203 2205
164 1 2207 2206 2208
165 1 2210 2209 2211
166 1 2213 2212 2214
167 1 2216 2215 2217
168 1 2219 2218 2220
169 1 2222 2221 2223
170 1 2225 2224 2226
171 1 2228 2227 2229
172 1 2231 2230 2232
173 1 2234 2233 2235
174 1 2237 2236 2238
175 1 2240 2239 2241
176 1 2243 2242 2244
177 1 2246 2245 2247
178 1 2249 2248 2250
179 1 2252 2251 2253
180 1 2255 2254 2256
181 1 2258 2257 2259
182 1 2261 2260 2262
183 1 2264 2263 2265
184 1 2267 2266 2268
185 1 2270 2269 2271
186 1 2273 2272 2274
187 1 2276 2275 2277
188 1 2279 2278 2280
189 1 2282 2281 2283
190 1 2285 2284 2286
191 1 2288 2287 2289
192 1 2291 2290 2292
193 1 2294 2293 2295
194 1 2297 2296 2298
195 1 2300 2299 2301
196 1 2303 2302 2304
197 1 2306 2305 2307
198 1 2309 2308 2310
199 1 2312 2311 2313
200 1 2315 2314 2316
201 1 2318 2317 2319
202 1 2321 2320 2322
203 1 2324 2323 2325
204 1 2327 2326 2328
205 1 2330 2329 2331
206 1 2333 2332 2334
207 1 2336 2335 2337
208 1 2339 2338 2340
209 1 2342 2341 2343
210 1 2345 2344 2346
211 1 2348 2347 2349
212 1 2351 2350 2352
213 1 2354 2353 2355
214 1 2357 2356 2358
215 1 2360 2359 2361
216 1 2363 2362 2364
217 1 2366 2365 2367
218 1 2369 2368 2370
219 1 2372 2371 2373
220 1 2375 2374 2376
221 1 2378 2377 2379
222 1 2381 2380 2382
223 1 2384 2383 2385
224 1 2387 2386 2388
225 1 2390 2389 2391
226 1 2393 2392 2394
227 1 2396 2395 2397
228 1 2399 2398 2400
229 1 2402 2401 2403
230 1 2405 2404 2406
231 1 2408 2407 2409
232 1 2411 2410 2412
233 1 2414 2413 2415
234 1 2417 2416 2418
235 1 2420 2419 2421
236 1 2423 2422 2424
237 1 2426 2425 2427
238 1 2429 2428 2430
239 1 2432 2431 2433
240 1 2435 2434 2436
241 1 2438 2437 2439
242 1 2441 2440 2442
243 1 2444 2443 2445
244 1 2447 2446 2448
245 1 2450 2449 2451
246 1 2453 2452 2454
247 1 2456 2455 2457
248 1 2459 2458 2460
249 1 2462 2461 2463
250 1 2465 2464 2466
251 1 2468 2467 2469
252 1 2471 2470 2472
253 1 2474 2473 2475
254 1 2477 2476 2478
255 1 2480 2479 2481
256 1 2483 2482 2484
257 1 2486 2485 2487
258 1 2489 2488 2490
259 1 2492 2491 2493
260 1 2495 2494 2496
261 1 2498 2497 2499
262 1 2501 2500 2502
263 1 2504 2503 2505
264 1 2507 2506 2508
265 1 2510 2509 2511
266 1 2513 2512 2514
267 1 2516 2515 2517
268 1 2519 2518 2520
269 1 2522 2521 2523
270 1 2525 2524 2526
271 1 2528 2527 2529
272 1 2531 2530 2532
273 1 2534 2533 2535
274 1 2537 2536 2538
275 1 2540 2539 2541
276 1 2543 2542 2544
277 1 2546 2545 2547
278 1 2549 2548 2550
279 1 2552 2551 2553
280 1 2555 2554 2556
281 1 2558 2557 2559
282 1 2561 2560 2562
283 1 2564 2563 2565
284 1 2567 2566 2568
285 1 2570 2569 2571
286 1 2573 2572 2574
287 1 2576 2575 2577
288 1 2579 2578 2580
289 1 2582 2581 2583
290 1 2585 2584 2586
291 1 2588 2587 2589
292 1 2591 2590 2592
293 1 2594 2593 2595
294 1 2597 2596 2598
295 1 2600 2599 2601
296 1 2603 2602 2604
297 1 2606 2605 2607
298 1 2609 2608 2610
299 1 2612 2611 2613
300 1 2615 2614 2616
301 1 2618 2617 2619
302 1 2621 2620 2622
303 1 2624 2623 2625
304 1 2627 2626 2628
305 1 2630 2629 2631
306 1 2633 2632 2634
307 1 2636 2635 2637
308 1 2639 2638 2640
309 1 2642 2641 2643
310 1 2645 2644 2646
311 1 2648 2647 2649
312 1 2651 2650 2652
313 1 2654 2653 2655
314 1 2657 2656 2658
315 1 2660 2659 2661
316 1 2663 2662 2664
317 1 2666 2665 2667
318 1 2669 2668 2670
319 1 2672 2671 2673
320 1 2675 2674 2676
321 1 2678 2677 2679
322 1 2681 2680 2682
323 1 2684 2683 2685
324 1 2687 2686 2688
325 1 2690 2689 2691
326 1 2693 2692 2694
327 1 2696 2695 2697
328 1 2699 2698 2700
329 1 2702 2701 2703
330 1 2705 2704 2706
331 1 2708 2707 2709
332 1 2711 2710 2712
333 1 2714 2713 2715
334 1 2717 2716 2718
335 1 2720 2719 2721
336 1 2723 2722 2724
337 1 2726 2725 2727
338 1 2729 2728 2730
339 1 2732 2731 2733
340 1 2735 2734 2736
341 1 2738 2737 2739
342 1 2741 2740 2742
343 1 2744 2743 2745
344 1 2747 2746 2748
345 1 2750 2749 2751
346 1 2753 2752 2754
347 1 2756 2755 2757
348 1 2759 2758 2760
349 1 2762 2761 2763
350 1 2765 2764 2766
351 1 2768 2767 2769
352 1 2771 2770 2772
353 1 2774 2773 2775
354 1 2777 2776 2778
355 1 2780 2779 2781
356 1 2783 2782 2784
357 1 2786 2785 2787
358 1 2789 2788 2790
359 1 2792 2791 2793
360 1 2795 2794 2796
361 1 2798 2797 2799
362 1 2801 2800 2802
363 1 2804 2803 2805
364 1 2807 2806 2808
365 1 2810 2809 2811
366 1 2813 2812 2814
367 1 2816 2815 2817
368 1 2819 2818 2820
369 1 2822 2821 2823
370 1 2825 2824 2826
371 1 2828 2827 2829
372 1 2831 2830 2832
373 1 2834 2833 2835
374 1 2837 2836 2838
375 1 2840 2839 2841
376 1 2843 2842 2844
377 1 2846 2845 2847
378 1 2849 2848 2850
379 1 2852 2851 2853
380 1 2855 2854 2856
381 1 2858 2857 2859
382 1 2861 2860 2862
383 1 2864 2863 2865
384 1 2867 2866 2868
385 1 2870 2869 2871
386 1 2873 2872 2874
387 1 2876 2875 2877
388 1 2879 2878 2880
389 1 2882 2881 2883
390 1 2885 2884 2886
391 1 2888 2887 2889
392 1 2891 2890 2892
393 1 2894 2893 2895
394 1 2897 2896 2898
395 1 2900 2899 2901
396 1 2903 2902 2904
397 1 2906 2905 2907
398 1 2909 2908 2910
399 1 2912 2911 2913
400 1 2915 2914 2916
401 1 2918 2917 2919
402 1 2921 2920 2922
403 1 2924 2923 2925
404 1 2927 2926 2928
405 1 2930 2929 2931
406 1 2933 2932 2934
407 1 2936 2935 2937
408 1 2939 2938 2940
409 1 2942 2941 2943
410 1 2945 2944 2946
411 1 2948 2947 2949
412 1 2951 2950 2952
413 1 2954 2953 2955
414 1 2957 2956 2958
415 1 2960 2959 2961
416 1 2963 2962 2964
417 1 2966 2965 2967
418 1 2969 2968 2970
419 1 2972 2971 2973
420 1 2975 2974 2976
421 1 2978 2977 2979
422 1 2981 2980 2982
423 1 2984 2983 2985
424 1 2987 2986 2988
425 1 2990 2989 2991
426 1 2993 2992 2994
427 1 2996 2995 2997
428 1 2999 2998 3000
429 1 3002 3001 3003
430 1 3005 3004 3006
431 1 3008 3007 3009
432 1 3011 3010 3012
433 1 3014 3013 3015
434 1 3017 3016 3018
435 1 3020 3019 3021
436 1 3023 3022 3024
437 1 3026 3025 3027
438 1 3029 3028 3030
439 1 3032 3031 3033
440 1 3035 3034 3036
441 1 3038 3037 3039
442 1 3041 3040 3042
443 1 3044 3043 3045
444 1 3047 3046 3048
445 1 3050 3049 3051
446 1 3053 3052 3054
447 1 3056 3055 3057
448 1 3059 3058 3060
449 1 3062 3061 3063
450 1 3065 3064 3066
451 1 3068 3067 3069
452 1 3071 3070 3072
453 1 3074 3073 3075
454 1 3077 3076 3078
455 1 3080 3079 3081
456 1 3083 3082 3084
457 1 3086 3085 3087
458 1 3089 3088 3090
459 1 3092 3091 3093
460 1 3095 3094 3096
461 1 3098 3097 3099
462 1 3101 3100 3102
463 1 3104 3103 3105
464 1 3107 3106 3108
465 1 3110 3109 3111
466 1 3113 3112 3114
467 1 3116 3115 3117
468 1 3119 3118 3120
469 1 3122 3121 3123
470 1 3125 3124 3126
471 1 3128 3127 3129
472 1 3131 3130 3132
473 1 3134 3133 3135
474 1 3137 3136 3138
475 1 3140 3139 3141
476 1 3143 3142 3144
477 1 3146 3145 3147
478 1 3149 3148 3150
479 1 3152 3151 3153
480 1 3155 3154 3156
481 1 3158 3157 3159
482 1 3161 3160 3162
483 1 3164 3163 3165
484 1 3167 3166 3168
485 1 3170 3169 3171
486 1 3173 3172 3174
487 1 3176 3175 3177
488 1 3179 3178 3180
489 1 3182 3181 3183
490 1 3185 3184 3186
491 1 3188 3187 3189
492 1 3191 3190 3192
493 1 3194 3193 3195
494 1 3197 3196 3198
495 1 3200 3199 3201
496 1 3203 3202 3204
497 1 3206 3205 3207
498 1 3209 3208 3210
499 1 3212 3211 3213
500 1 3215 3214 3216
501 1 3218 3217 3219
502 1 3221 3220 3222
503 1 3224 3223 3225
504 1 3227 3226 3228
505 1 3230 3229 3231
506 1 3233 3232 3234
507 1 3236 3235 3237
508 1 3239 3238 3240
509 1 3242 3241 3243
510 1 3245 3244 3246
511 1 3248 3247 3249
512 1 3251 3250 3252
513 1 3254 3253 3255
514 1 3257 3256 3258
515 1 3260 3259 3261
516 1 3263 3262 3264
517 1 3266 3265 3267
518 1 3269 3268 3270
519 1 3272 3271 3273
520 1 3275 3274 3276
521 1 3278 3277 3279
522 1 3281 3280 3282
523 1 3284 3283 3285
524 1 3287 3286 3288
525 1 3290 3289 3291
526 1 3293 3292 3294
527 1 3296 3295 3297
528 1 3299 3298 3300
529 1 3302 3301 3303
530 1 3305 3304 3306
531 1 3308 3307 3309
532 1 3311 3310 3312
533 1 3314 3313 3315
534 1 3317 3316 3318
535 1 3320 3319 3321
536 1 3323 3322 3324
537 1 3326 3325 3327
538 1 3329 3328 3330
539 1 3332 3331 3333
540 1 3335 3334 3336
541 1 3338 3337 3339
542 1 3341 3340 3342
543 1 3344 3343 3345
544 1 3347 3346 3348
545 1 3350 3349 3351
546 1 3353 3352 3354
547 1 3356 3355 3357
548 1 3359 3358 3360
549 1 3362 3361 3363
550 1 3365 3364 3366
551 1 3368 3367 3369
552 1 3371 3370 3372
553 1 3374 3373 3375
554 1 3377 3376 3378
555 1 3380 3379 3381
556 1 3383 3382 3384
557 1 3386 3385 3387
558 1 3389 3388 3390
559 1 3392 3391 3393
560 1 3395 3394 3396
561 1 3398 3397 3399
562 1 3401 3400 3402
563 1 3404 3403 3405
564 1 3407 3406 3408
565 1 3410 3409 3411
566 1 3413 3412 3414
567 1 3416 3415 3417
568 1 3419 3418 3420
569 1 3422 3421 3423
570 1 3425 3424 3426
571 1 3428 3427 3429
572 1 3431 3430 3432
573 1 3434 3433 3435
574 1 3437 3436 3438
575 1 3440 3439 3441
576 1 3443 3442 3444
577 1 3446 3445 3447
578 1 3449 3448 3450
579 1 3452 3451 3453
580 1 3455 3454 3456
581 1 3458 3457 3459
582 1 3461 3460 3462
583 1 3464 3463 3465
584 1 3467 3466 3468
585 1 3470 3469 3471
586 1 3473 3472 3474
587 1 3476 3475 3477
588 1 3479 3478 3480
589 1 3482 3481 3483
590 1 3485 3484 3486
591 1 3488 3487 3489
592 1 3491 3490 3492
593 1 3494 3493 3495
594 1 3497 3496 3498
595 1 3500 3499 3501
596 1 3503 3502 3504
597 1 3506 3505 3507
598 1 3509 3508 3510
599 1 3512 3511 3513
600 1 3515 3514 3516
601 1 3518 3517 3519
602 1 3521 3520 3522
603 1 3524 3523 3525
604 1 3527 3526 3528
605 1 3530 3529 3531
606 1 3533 3532 3534
607 1 3536 3535 3537
608 1 3539 3538 3540
609 1 3542 3541 3543
610 1 3545 3544 3546
611 1 3548 3547 3549
612 1 3551 3550 3552
613 1 3554 3553 3555
614 1 3557 3556 3558
615 1 3560 3559 3561
616 1 3563 3562 3564
617 1 3566 3565 3567
618 1 3569 3568 3570
619 1 3572 3571 3573
620 1 3575 3574 3576
621 1 3578 3577 3579
622 1 3581 3580 3582
623 1 3584 3583 3585
624 1 3587 3586 3588
625 1 3590 3589 3591
626 1 3593 3592 3594
627 1 3596 3595 3597
628 1 3599 3598 3600
629 1 3602 3601 3603
630 1 3605 3604 3606
631 1 3608 3607 3609
632 1 3611 3610 3612
633 1 3614 3613 3615
634 1 3617 3616 3618
635 1 3620 3619 3621
636 1 3623 3622 3624
637 1 3626 3625 3627
638 1 3629 3628 3630
639 1 3632 3631 3633
640 1 3635 3634 3636
641 1 3638 3637 3639
642 1 3641 3640 3642
643 1 3644 3643 3645
644 1 3647 3646 3648
645 1 3650 3649 3651
646 1 3653 3652 3654
647 1 3656 3655 3657
648 1 3659 3658 3660
649 1 3662 3661 3663
650 1 3665 3664 3666
651 1 3668 3667 3669
652 1 3671 3670 3672
653 1 3674 3673 3675
654 1 3677 3676 3678
655 1 3680 3679 3681
656 1 3683 3682 3684
657 1 3686 3685 3687
658 1 3689 3688 3690
659 1 3692 3691 3693
660 1 3695 3694 3696
661 1 3698 3697 3699
662 1 3701 3700 3702
663 1 3704 3703 3705
664 1 3707 3706 3708
665 1 3710 3709 3711
666 1 3713 3712 3714
667 1 3716 3715 3717
668 1 3719 3718 3720
669 1 3722 3721 3723
670 1 3725 3724 3726
671 1 3728 3727 3729
672 1 3731 3730 3732
673 1 3734 3733 3735
674 1 3737 3736 3738
675 1 3740 3739 3741
676 1 3743 3742 3744
677 1 3746 3745 3747
678 1 3749 3748 3750
679 1 3752 3751 3753
680 1 3755 3754 3756
681 1 3758 3757 3759
682 1 3761 3760 3762
683 1 3764 3763 3765
684 1 3767 3766 3768
685 1 3770 3769 3771
686 1 3773 3772 3774
687 1 3776 3775 3777
688 1 3779 3778 3780
689 1 3782 3781 3783
690 1 3785 3784 3786
691 1 3788 3787 3789
692 1 3791 3790 3792
693 1 3794 3793 3795
694 1 3797 3796 3798
695 1 3800 3799 3801
696 1 3803 3802 3804
697 1 3806 3805 3807
698 1 3809 3808 3810
699 1 3812 3811 3813
700 1 3815 3814 3816
701 1 3818 3817 3819
702 1 3821 3820 3822
703 1 3824 3823 3825
704 1 3827 3826 3828
705 1 3830 3829 3831
706 1 3833 3832 3834
707 1 3836 3835 3837
708 1 3839 3838 3840
709 1 3842 3841 3843
710 1 3845 3844 3846
711 1 3848 3847 3849
712 1 3851 3850 3852
713 1 3854 3853 3855
714 1 3857 3856 3858
715 1 3860 3859 3861
716 1 3863 3862 3864
717 1 3866 3865 3867
718 1 3869 3868 3870
719 1 3872 3871 3873
720 1 3875 3874 3876
721 1 3878 3877 3879
722 1 3881 3880 3882
723 1 3884 3883 3885
724 1 3887 3886 3888
725 1 3890 3889 3891
726 1 3893 3892 3894
727 1 3896 3895 3897
728 1 3899 3898 3900
729 1 3902 3901 3903
730 1 3905 3904 3906
731 1 3908 3907 3909
732 1 3911 3910 3912
733 1 3914 3913 3915
734 1 3917 3916 3918
735 1 3920 3919 3921
736 1 3923 3922 3924
737 1 3926 3925 3927
738 1 3929 3928 3930
739 1 3932 3931 3933
740 1 3935 3934 3936
741 1 3938 3937 3939
742 1 3941 3940 3942
743 1 3944 3943 3945
744 1 3947 3946 3948
745 1 3950 3949 3951
746 1 3953 3952 3954
747 1 3956 3955 3957
748 1 3959 3958 3960
749 1 3962 3961 3963
750 1 3965 3964 3966
751 1 3968 3967 3969
752 1 3971 3970 3972
753 1 3974 3973 3975
754 1 3977 3976 3978
755 1 3980 3979 3981
756 1 3983 3982 3984
757 1 3986 3985 3987
758 1 3989 3988 3990
759 1 3992 3991 3993
760 1 3995 3994 3996
761 1 3998 3997 3999
762 1 4001 4000 4002
763 1 4004 4003 4005
764 1 4007 4006 4008
765 1 4010 4009 4011
766 1 4013 4012 4014
767 1 4016 4015 4017
768 1 4019 4018 4020
769 1 4022 4021 4023
770 1 4025 4024 4026
771 1 4028 4027 4029
772 1 4031 4030 4032
773 1 4034 4033 4035
774 1 4037 4036 4038
775 1 4040 4039 4041
776 1 4043 4042 4044
777 1 4046 4045 4047
778 1 4049 4048 4050
779 1 4052 4051 4053
780 1 4055 4054 4056
781 1 4058 4057 4059
782 1 4061 4060 4062
783 1 4064 4063 4065
784 1 4067 4066 4068
785 1 4070 4069 4071
786 1 4073 4072 4074
787 1 4076 4075 4077
788 1 4079 4078 4080
789 1 4082 4081 4083
790 1 4085 4084 4086
791 1 4088 4087 4089
792 1 4091 4090 4092
793 1 4094 4093 4095
794 1 4097 4096 4098
795 1 4100 4099 4101
796 1 4103 4102 4104
797 1 4106 4105 4107
798 1 4109 4108 4110
799 1 4112 4111 4113
800 1 4115 4114 4116
801 1 4118 4117 4119
802 1 4121 4120 4122
803 1 4124 4123 4125
804 1 4127 4126 4128
805 1 4130 4129 4131
806 1 4133 4132 4134
807 1 4136 4135 4137
808 1 4139 4138 4140
809 1 4142 4141 4143
810 1 4145 4144 4146
811 1 4148 4147 4149
812 1 4151 4150 4152
813 1 4154 4153 4155
814 1 4157 4156 4158
815 1 4160 4159 4161
816 1 4163 4162 4164
817 1 4166 4165 4167
818 1 4169 4168 4170
819 1 4172 4171 4173
820 1 4175 4174 4176
821 1 4178 4177 4179
822 1 4181 4180 4182
823 1 4184 4183 4185
824 1 4187 4186 4188
825 1 4190 4189 4191
826 1 4193 4192 4194
827 1 4196 4195 4197
828 1 4199 4198 4200
829 1 4202 4201 4203
830 1 4205 4204 4206
831 1 4208 4207 4209
832 1 4211 4210 4212
833 1 4214 4213 4215
834 1 4217 4216 4218
835 1 4220 4219 4221
836 1 4223 4222 4224
837 1 4226 4225 4227
838 1 4229 4228 4230
839 1 4232 4231 4233
840 1 4235 4234 4236
841 1 4238 4237 4239
842 1 4241 4240 4242
843 1 4244 4243 4245
844 1 4247 4246 4248
845 1 4250 4249 4251
846 1 4253 4252 4254
847 1 4256 4255 4257
848 1 4259 4258 4260
849 1 4262 4261 4263
850 1 4265 4264 4266
851 1 4268 4267 4269
852 1 4271 4270 4272
853 1 4274 4273 4275
854 1 4277 4276 4278
855 1 4280 4279 4281
856 1 4283 4282 4284
857 1 4286 4285 4287
858 1 4289 4288 4290
859 1 4292 4291 4293
860 1 4295 4294 4296
861 1 4298 4297 4299
862 1 4301 4300 4302
863 1 4304 4303 4305
864 1 4307 4306 4308
865 1 4310 4309 4311
866 1 4313 4312 4314
867 1 4316 4315 4317
868 1 4319 4318 4320
869 1 4322 4321 4323
870 1 4325 4324 4326
871 1 4328 4327 4329
872 1 4331 4330 4332
873 1 4334 4333 4335
874 1 4337 4336 4338
875 1 4340 4339 4341
876 1 4343 4342 4344
877 1 4346 4345 4347
878 1 4349 4348 4350
879 1 4352 4351 4353
880 1 4355 4354 4356
881 1 4358 4357 4359
882 1 4361 4360 4362
883 1 4364 4363 4365
884 1 4367 4366 4368
885 1 4370 4369 4371
886 1 4373 4372 4374
887 1 4376 4375 4377
888 1 4379 4378 4380
889 1 4382 4381 4383
890 1 4385 4384 4386
891 1 4388 4387 4389
892 1 4391 4390 4392
893 1 4394 4393 4395
894 1 4397 4396 4398
895 1 4400 4399 4401
896 1 4403 4402 4404
897 1 4406 4405 4407
898 1 4409 4408 4410
899 1 4412 4411 4413
900 1 4415 4414 4416
901 1 4418 4417 4419
902 1 4421 4420 4422
903 1 4424 4423 4425
904 1 4427 4426 4428
905 1 4430 4429 4431
906 1 4433 4432 4434
907 1 4436 4435 4437
908 1 4439 4438 4440
909 1 4442 4441 4443
910 1 4445 4444 4446
911 1 4448 4447 4449
912 1 4451 4450 4452
913 1 4454 4453 4455
914 1 4457 4456 4458
915 1 4460 4459 4461
916 1 4463 4462 4464
917 1 4466 4465 4467
918 1 4469 4468 4470
919 1 4472 4471 4473
920 1 4475 4474 4476
921 1 4478 4477 4479
922 1 4481 4480 4482
923 1 4484 4483 4485
924 1 4487 4486 4488
925 1 4490 4489 4491
926 1 4493 4492 4494
927 1 4496 4495 4497
928 1 4499 4498 4500
929 1 4502 4501 4503
930 1 4505 4504 4506
931 1 4508 4507 4509
932 1 4511 4510 4512
933 1 4514 4513 4515
934 1 4517 4516 4518
935 1 4520 4519 4521
936 1 4523 4522 4524
937 1 4526 4525 4527
938 1 4529 4528 4530
939 1 4532 4531 4533
940 1 4535 4534 4536
941 1 4538 4537 4539
942 1 4541 4540 4542
943 1 4544 4543 4545
944 1 4547 4546 4548
945 1 4550 4549 4551
946 1 4553 4552 4554
947 1 4556 4555 4557
948 1 4559 4558 4560
949 1 4562 4561 4563
950 1 4565 4564 4566
951 1 4568 4567 4569
952 1 4571 4570 4572
953 1 4574 4573 4575
954 1 4577 4576 4578
955 1 4580 4579 4581
956 1 4583 4582 4584
957 1 4586 4585 4587
958 1 4589 4588 4590
959 1 4592 4591 4593
960 1 4595 4594 4596
961 1 4598 4597 4599
962 1 4601 4600 4602
963 1 4604 4603 4605
964 1 4607 4606 4608
965 1 4610 4609 4611
966 1 4613 4612 4614
967 1 4616 4615 4617
968 1 4619 4618 4620
969 1 4622 4621 4623
970 1 4625 4624 4626
971 1 4628 4627 4629
972 1 4631 4630 4632
973 1 4634 4633 4635
974 1 4637 4636 4638
975 1 4640 4639 4641
976 1 4643 4642 4644
977 1 4646 4645 4647
978 1 4649 4648 4650
979 1 4652 4651 4653
980 1 4655 4654 4656
981 1 4658 4657 4659
982 1 4661 4660 4662
983 1 4664 4663 4665
984 1 4667 4666 4668
985 1 4670 4669 4671
986 1 4673 4672 4674
987 1 4676 4675 4677
988 1 4679 4678 4680
989 1 4682 4681 4683
990 1 4685 4684 4686
991 1 4688 4687 4689
992 1 4691 4690 4692
993 1 4694 4693 4695
994 1 4697 4696 4698
995 1 4700 4699 4701
996 1 4703 4702 4704
997 1 4706 4705 4707
998 1 4709 4708 4710
999 1 4712 4711 4713
1000 1 4715 4714 4716
1001 1 4718 4717 4719
1002 1 4721 4720 4722
1003 1 4724 4723 4725
1004 1 4727 4726 4728
1005 1 4730 4729 4731
1006 1 4733 4732 4734
1007 1 4736 4735 4737
1008 1 4739 4738 4740
1009 1 4742 4741 4743
1010 1 4745 4744 4746
1011 1 4748 4747 4749
1012 1 4751 4750 4752
1013 1 4754 4753 4755
1014 1 4757 4756 4758
1015 1 4760 4759 4761
1016 1 4763 4762 4764
1017 1 4766 4765 4767
1018 1 4769 4768 4770
1019 1 4772 4771 4773
1020 1 4775 4774 4776
1021 1 4778 4777 4779
1022 1 4781 4780 4782
1023 1 4784 4783 4785
1024 1 4787 4786 4788
1025 1 4790 4789 4791
1026 1 4793 4792 4794
1027 1 4796 4795 4797
1028 1 4799 4798 4800
1029 1 4802 4801 4803
1030 1 4805 4804 4806
1031 1 4808 4807 4809
1032 1 4811 4810 4812
1033 1 4814 4813 4815
1034 1 4817 4816 4818
1035 1 4820 4819 4821
1036 1 4823 4822 4824
1037 1 4826 4825 4827
1038 1 4829 4828 4830
1039 1 4832 4831 4833
1040 1 4835 4834 4836
1041 1 4838 4837 4839
1042 1 4841 4840 4842
1043 1 4844 4843 4845
1044 1 4847 4846 4848
1045 1 4850 4849 4851
1046 1 4853 4852 4854
1047 1 4856 4855 4857
1048 1 4859 4858 4860
1049 1 4862 4861 4863
1050 1 4865 4864 4866
1051 1 4868 4867 4869
1052 1 4871 4870 4872
1053 1 4874 4873 4875
1054 1 4877 4876 4878
1055 1 4880 4879 4881
1056 1 4883 4882 4884
1057 1 4886 4885 4887
1058 1 4889 4888 4890
1059 1 4892 4891 4893
1060 1 4895 4894 4896
1061 1 4898 4897 4899
1062 1 4901 4900 4902
1063 1 4904 4903 4905
1064 1 4907 4906 4908
1065 1 4910 4909 4911
1066 1 4913 4912 4914
1067 1 4916 4915 4917
1068 1 4919 4918 4920
1069 1 4922 4921 4923
1070 1 4925 4924 4926
1071 1 4928 4927 4929
1072 1 4931 4930 4932
1073 1 4934 4933 4935
1074 1 4937 4936 4938
1075 1 4940 4939 4941
1076 1 4943 4942 4944
1077 1 4946 4945 4947
1078 1 4949 4948 4950
1079 1 4952 4951 4953
1080 1 4955 4954 4956
1081 1 4958 4957 4959
1082 1 4961 4960 4962
1083 1 4964 4963 4965
1084 1 4967 4966 4968
1085 1 4970 4969 4971
1086 1 4973 4972 4974
1087 1 4976 4975 4977
1088 1 4979 4978 4980
1089 1 4982 4981 4983
1090 1 4985 4984 4986
1091 1 4988 4987 4989
1092 1 4991 4990 4992
1093 1 4994 4993 4995
1094 1 4997 4996 4998
1095 1 5000 4999 5001
1096 1 5003 5002 5004
1097 1 5006 5005 5007
1098 1 5009 5008 5010
1099 1 5012 5011 5013
1100 1 5015 5014 5016
1101 1 5018 5017 5019
1102 1 5021 5020 5022
1103 1 5024 5023 5025
1104 1 5027 5026 5028
1105 1 5030 5029 5031
1106 1 5033 5032 5034
1107 1 5036 5035 5037
1108 1 5039 5038 5040
1109 1 5042 5041 5043
1110 1 5045 5044 5046
1111 1 5048 5047 5049
1112 1 5051 5050 5052
1113 1 5054 5053 5055
1114 1 5057 5056 5058
1115 1 5060 5059 5061
1116 1 5063 5062 5064
1117 1 5066 5065 5067
1118 1 5069 5068 5070
1119 1 5072 5071 5073
1120 1 5075 5074 5076
1121 1 5078 5077 5079
1122 1 5081 5080 5082
1123 1 5084 5083 5085
1124 1 5087 5086 5088
1125 1 5090 5089 5091
1126 1 5093 5092 5094
1127 1 5096 5095 5097
1128 1 5099 5098 5100
1129 1 5102 5101 5103
1130 1 5105 5104 5106
1131 1 5108 5107 5109
1132 1 5111 5110 5112
1133 1 5114 5113 5115
1134 1 5117 5116 5118
1135 1 5120 5119 5121
1136 1 5123 5122 5124
1137 1 5126 5125 5127
1138 1 5129 5128 5130
1139 1 5132 5131 5133
1140 1 5135 5134 5136
1141 1 5138 5137 5139
1142 1 5141 5140 5142
1143 1 5144 5143 5145
1144 1 5147 5146 5148
1145 1 5150 5149 5151
1146 1 5153 5152 5154
1147 1 5156 5155 5157
1148 1 5159 5158 5160
1149 1 5162 5161 5163
1150 1 5165 5164 5166
1151 1 5168 5167 5169
1152 1 5171 5170 5172
1153 1 5174 5173 5175
1154 1 5177 5176 5178
1155 1 5180 5179 5181
1156 1 5183 5182 5184
1157 1 5186 5185 5187
1158 1 5189 5188 5190
1159 1 5192 5191 5193
1160 1 5195 5194 5196
1161 1 5198 5197 5199
1162 1 5201 5200 5202
1163 1 5204 5203 5205
1164 1 5207 5206 5208
1165 1 5210 5209 5211
1166 1 5213 5212 5214
1167 1 5216 5215 5217
1168 1 5219 5218 5220
1169 1 5222 5221 5223
1170 1 5225 5224 5226
1171 1 5228 5227 5229
1172 1 5231 5230 5232
1173 1 5234 5233 5235
1174 1 5237 5236 5238
1175 1 5240 5239 5241
1176 1 5243 5242 5244
1177 1 5246 5245 5247
1178 1 5249 5248 5250
1179 1 5252 5251 5253
1180 1 5255 5254 5256
1181 1 5258 5257 5259
1182 1 5261 5260 5262
1183 1 5264 5263 5265
1184 1 5267 5266 5268
1185 1 5270 5269 5271
1186 1 5273 5272 5274
1187 1 5276 5275 5277
1188 1 5279 5278 5280
1189 1 5282 5281 5283
1190 1 5285 5284 5286
1191 1 5288 5287 5289
1192 1 5291 5290 5292
1193 1 5294 5293 5295
1194 1 5297 5296 5298
1195 1 5300 5299 5301
1196 1 5303 5302 5304
1197 1 5306 5305 5307
1198 1 5309 5308 5310
1199 1 5312 5311 5313
1200 1 5315 5314 5316
1201 1 5318 5317 5319
1202 1 5321 5320 5322
1203 1 5324 5323 5325
1204 1 5327 5326 5328
1205 1 5330 5329 5331
1206 1 5333 5332 5334
1207 1 5336 5335 5337
1208 1 5339 5338 5340
1209 1 5342 5341 5343
1210 1 5345 5344 5346
1211 1 5348 5347 5349
1212 1 5351 5350 5352
1213 1 5354 5353 5355
1214 1 5357 5356 5358
1215 1 5360 5359 5361
1216 1 5363 5362 5364
1217 1 5366 5365 5367
1218 1 5369 5368 5370
1219 1 5372 5371 5373
1220 1 5375 5374 5376
1221 1 5378 5377 5379
1222 1 5381 5380 5382
1223 1 5384 5383 5385
1224 1 5387 5386 5388
1225 1 5390 5389 5391
1226 1 5393 5392 5394
1227 1 5396 5395 5397
1228 1 5399 5398 5400
1229 1 5402 5401 5403
1230 1 5405 5404 5406
1231 1 5408 5407 5409
1232 1 5411 5410 5412
1233 1 5414 5413 5415
1234 1 5417 5416 5418
1235 1 5420 5419 5421
1236 1 5423 5422 5424
1237 1 5426 5425 5427
1238 1 5429 5428 5430
1239 1 5432 5431 5433
1240 1 5435 5434 5436
1241 1 5438 5437 5439
1242 1 5441 5440 5442
1243 1 5444 5443 5445
1244 1 5447 5446 5448
1245 1 5450 5449 5451
1246 1 5453 5452 5454
1247 1 5456 5455 5457
1248 1 5459 5458 5460
1249 1 5462 5461 5463
1250 1 5465 5464 5466
1251 1 5468 5467 5469
1252 1 5471 5470 5472
1253 1 5474 5473 5475
1254 1 5477 5476 5478
1255 1 5480 5479 5481
1256 1 5483 5482 5484
1257 1 5486 5485 5487
1258 1 5489 5488 5490
1259 1 5492 5491 5493
1260 1 5495 5494 5496
1261 1 5498 5497 5499
1262 1 5501 5500 5502
1263 1 5504 5503 5505
1264 1 5507 5506 5508
1265 1 5510 5509 5511
1266 1 5513 5512 5514
1267 1 5516 5515 5517
1268 1 5519 5518 5520
1269 1 5522 5521 5523
1270 1 5525 5524 5526
1271 1 5528 5527 5529
1272 1 5531 5530 5532
1273 1 5534 5533 5535
1274 1 5537 5536 5538
1275 1 5540 5539 5541
1276 1 5543 5542 5544
1277 1 5546 5545 5547
1278 1 5549 5548 5550
1279 1 5552 5551 5553
1280 1 5555 5554 5556
1281 1 5558 5557 5559
1282 1 5561 5560 5562
1283 1 5564 5563 5565
1284 1 5567 5566 5568
1285 1 5570 5569 5571
1286 1 5573 5572 5574
1287 1 5576 5575 5577
1288 1 5579 5578 5580
1289 1 5582 5581 5583
1290 1 5585 5584 5586
1291 1 5588 5587 5589
1292 1 5591 5590 5592
1293 1 5594 5593 5595
1294 1 5597 5596 5598
1295 1 5600 5599 5601
1296 1 5603 5602 5604
1297 1 5606 5605 5607
1298 1 5609 5608 5610
1299 1 5612 5611 5613
1300 1 5615 5614 5616
1301 1 5618 5617 5619
1302 1 5621 5620 5622
1303 1 5624 5623 5625
1304 1 5627 5626 5628
1305 1 5630 5629 5631
1306 1 5633 5632 5634
1307 1 5636 5635 5637
1308 1 5639 5638 5640
1309 1 5642 5641 5643
1310 1 5645 5644 5646
1311 1 5648 5647 5649
1312 1 5651 5650 5652
1313 1 5654 5653 5655
1314 1 5657 5656 5658
1315 1 5660 5659 5661
1316 1 5663 5662 5664
1317 1 5666 5665 5667
1318 1 5669 5668 5670
1319 1 5672 5671 5673
1320 1 5675 5674 5676
1321 1 5678 5677 5679
1322 1 5681 5680 5682
1323 1 5684 5683 5685
1324 1 5687 5686 5688
1325 1 5690 5689 5691
1326 1 5693 5692 5694
1327 1 5696 5695 5697
1328 1 5699 5698 5700
1329 1 5702 5701 5703
1330 1 5705 5704 5706
1331 1 5708 5707 5709
1332 1 5711 5710 5712
1333 1 5714 5713 5715
1334 1 5717 5716 5718
1335 1 5720 5719 5721
1336 1 5723 5722 5724
1337 1 5726 5725 5727
1338 1 5729 5728 5730
1339 1 5732 5731 5733
1340 1 5735 5734 5736
1341 1 5738 5737 5739
1342 1 5741 5740 5742
1343 1 5744 5743 5745
1344 1 5747 5746 5748
1345 1 5750 5749 5751
1346 1 5753 5752 5754
1347 1 5756 5755 5757
1348 1 5759 5758 5760
1349 1 5762 5761 5763
1350 1 5765 5764 5766
1351 1 5768 5767 5769
1352 1 5771 5770 5772
1353 1 5774 5773 5775
1354 1 5777 5776 5778
1355 1 5780 5779 5781
1356 1 5783 5782 5784
1357 1 5786 5785 5787
1358 1 5789 5788 5790
1359 1 5792 5791 5793
1360 1 5795 5794 5796
1361 1 5798 5797 5799
1362 1 5801 5800 5802
1363 1 5804 5803 5805
1364 1 5807 5806 5808
1365 1 5810 5809 5811
1366 1 5813 5812 5814
1367 1 5816 5815 5817
1368 1 5819 5818 5820
1369 1 5822 5821 5823
1370 1 5825 5824 5826
1371 1 5828 5827 5829
1372 1 5831 5830 5832
1373 1 5834 5833 5835
1374 1 5837 5836 5838
1375 1 5840 5839 5841
1376 1 5843 5842 5844
1377 1 5846 5845 5847
1378 1 5849 5848 5850
1379 1 5852 5851 5853
1380 1 5855 5854 5856
1381 1 5858 5857 5859
1382 1 5861 5860 5862
1383 1 5864 5863 5865
1384 1 5867 5866 5868
1385 1 5870 5869 5871
1386 1 5873 5872 5874
1387 1 5876 5875 5877
1388 1 5879 5878 5880
1389 1 5882 5881 5883
1390 1 5885 5884 5886
1391 1 5888 5887 5889
1392 1 5891 5890 5892
1393 1 5894 5893 5895
1394 1 5897 5896 5898
1395 1 5900 5899 5901
1396 1 5903 5902 5904
1397 1 5906 5905 5907
1398 1 5909 5908 5910
1399 1 5912 5911 5913
1400 1 5915 5914 5916
1401 1 5918 5917 5919
1402 1 5921 5920 5922
1403 1 5924 5923 5925
1404 1 5927 5926 5928
1405 1 5930 5929 5931
1406 1 5933 5932 5934
1407 1 5936 5935 5937
1408 1 5939 5938 5940
1409 1 5942 5941 5943
1410 1 5945 5944 5946
1411 1 5948 5947 5949
1412 1 5951 5950 5952
1413 1 5954 5953 5955
1414 1 5957 5956 5958
1415 1 5960 5959 5961
1416 1 5963 5962 5964
1417 1 5966 5965 5967
1418 1 5969 5968 5970
1419 1 5972 5971 5973
1420 1 5975 5974 5976
1421 1 5978 5977 5979
1422 1 5981 5980 5982
1423 1 5984 5983 5985
1424 1 5987 5986 5988
1425 1 5990 5989 5991
1426 1 5993 5992 5994
1427 1 5996 5995 5997
1428 1 5999 5998 6000
1429 1 6002 6001 6003
1430 1 6005 6004 6006
1431 1 6008 6007 6009
1432 1 6011 6010 6012
1433 1 6014 6013 6015
1434 1 6017 6016 6018
1435 1 6020 6019 6021
1436 1 6023 6022 6024
1437 1 6026 6025 6027
1438 1 6029 6028 6030
1439 1 6032 6031 6033
1440 1 6035 6034 6036
1441 1 6038 6037 6039
1442 1 6041 6040 6042
1443 1 6044 6043 6045
1444 1 6047 6046 6048
1445 1 6050 6049 6051
1446 1 6053 6052 6054
1447 1 6056 6055 6057
1448 1 6059 6058 6060
1449 1 6062 6061 6063
1450 1 6065 6064 6066
1451 1 6068 6067 6069
1452 1 6071 6070 6072
1453 1 6074 6073 6075
1454 1 6077 6076 6078
1455 1 6080 6079 6081
1456 1 6083 6082 6084
1457 1 6086 6085 6087
1458 1 6089 6088 6090
1459 1 6092 6091 6093
1460 1 6095 6094 6096
1461 1 6098 6097 6099
1462 1 6101 6100 6102
1463 1 6104 6103 6105
1464 1 6107 6106 6108
1465 1 6110 6109 6111
1466 1 6113 6112 6114
1467 1 6116 6115 6117
1468 1 6119 6118 6120
1469 1 6122 6121 6123
1470 1 6125 6124 6126
1471 1 6128 6127 6129
1472 1 6131 6130 6132
1473 1 6134 6133 6135
1474 1 6137 6136 6138
1475 1 6140 6139 6141
1476 1 6143 6142 6144
1477 1 6146 6145 6147
1478 1 6149 6148 6150
1479 1 6152 6151 6153
1480 1 6155 6154 6156
1481 1 6158 6157 6159
1482 1 6161 6160 6162
1483 1 6164 6163 6165
1484 1 6167 6166 6168
1485 1 6170 6169 6171
1486 1 6173 6172 6174
1487 1 6176 6175 6177
1488 1 6179 6178 6180
1489 1 6182 6181 6183
1490 1 6185 6184 6186
1491 1 6188 6187 6189
1492 1 6191 6190 6192
1493 1 6194 6193 6195
1494 1 6197 6196 6198
1495 1 6200 6199 6201
1496 1 6203 6202 6204
1497 1 6206 6205 6207
1498 1 6209 6208 6210
1499 1 6212 6211 6213
1500 1 6215 6214 6216
1501 1 6218 6217 6219
1502 1 6221 6220 6222
1503 1 6224 6223 6225
1504 1 6227 6226 6228
1505 1 6230 6229 6231
1506 1 6233 6232 6234
1507 1 6236 6235 6237
1508 1 6239 6238 6240
1509 1 6242 6241 6243
1510 1 6245 6244 6246
1511 1 6248 6247 6249
1512 1 6251 6250 6252
1513 1 6254 6253 6255
1514 1 6257 6256 6258
1515 1 6260 6259 6261
1516 1 6263 6262 6264
1517 1 6266 6265 6267
1518 1 6269 6268 6270
1519 1 6272 6271 6273
1520 1 6275 6274 6276
1521 1 6278 6277 6279
1522 1 6281 6280 6282
1523 1 6284 6283 6285
1524 1 6287 6286 6288
1525 1 6290 6289 6291
1526 1 6293 6292 6294
1527 1 6296 6295 6297
1528 1 6299 6298 6300
1529 1 6302 6301 6303
1530 1 6305 6304 6306
1531 1 6308 6307 6309
1532 1 6311 6310 6312
1533 1 6314 6313 6315
1534 1 6317 6316 6318
1535 1 6320 6319 6321
1536 1 6323 6322 6324
1537 1 6326 6325 6327
1538 1 6329 6328 6330
1539 1 6332 6331 6333
1540 1 6335 6334 6336
1541 1 6338 6337 6339
1542 1 6341 6340 6342
1543 1 6344 6343 6345
1544 1 6347 6346 6348
1545 1 6350 6349 6351
1546 1 6353 6352 6354
1547 1 6356 6355 6357
1548 1 6359 6358 6360
1549 1 6362 6361 6363
1550 1 6365 6364 6366
1551 1 6368 6367 6369
1552 1 6371 6370 6372
1553 1 6374 6373 6375
1554 1 6377 6376 6378
1555 1 6380 6379 6381
1556 1 6383 6382 6384
1557 1 6386 6385 6387
1558 1 6389 6388 6390
1559 1 6392 6391 6393
1560 1 6395 6394 6396
1561 1 6398 6397 6399
1562 1 6401 6400 6402
1563 1 6404 6403 6405
1564 1 6407 6406 6408
1565 1 6410 6409 6411
1566 1 6413 6412 6414
1567 1 6416 6415 6417
1568 1 6419 6418 6420
1569 1 6422 6421 6423
1570 1 6425 6424 6426
1571 1 6428 6427 6429
1572 1 6431 6430 6432
1573 1 6434 6433 6435
1574 1 6437 6436 6438
1575 1 6440 6439 6441
1576 1 6443 6442 6444
1577 1 6446 6445 6447
1578 1 6449 6448 6450
1579 1 6452 6451 6453
1580 1 6455 6454 6456
1581 1 6458 6457 6459
1582 1 6461 6460 6462
1583 1 6464 6463 6465
1584 1 6467 6466 6468
1585 1 6470 6469 6471
1586 1 6473 6472 6474
1587 1 6476 6475 6477
1588 1 6479 6478 6480
1589 1 6482 6481 6483
1590 1 6485 6484 6486
1591 1 6488 6487 6489
1592 1 6491 6490 6492
1593 1 6494 6493 6495
1594 1 6497 6496 6498
1595 1 6500 6499 6501
1596 1 6503 6502 6504
1597 1 6506 6505 6507
1598 1 6509 6508 6510
1599 1 6512 6511 6513
1600 1 6515 6514 6516
1601 1 6518 6517 6519
1602 1 6521 6520 6522
1603 1 6524 6523 6525
1604 1 6527 6526 6528
1605 1 6530 6529 6531
1606 1 6533 6532 6534
1607 1 6536 6535 6537
1608 1 6539 6538 6540
1609 1 6542 6541 6543
1610 1 6545 6544 6546
1611 1 6548 6547 6549
1612 1 6551 6550 6552
1613 1 6554 6553 6555
1614 1 6557 6556 6558
1615 1 6560 6559 6561
1616 1 6563 6562 6564
1617 1 6566 6565 6567
1618 1 6569 6568 6570
1619 1 6572 6571 6573
1620 1 6575 6574 6576
1621 1 6578 6577 6579
1622 1 6581 6580 6582
1623 1 6584 6583 6585
1624 1 6587 6586 6588
1625 1 6590 6589 6591
1626 1 6593 6592 6594
1627 1 6596 6595 6597
1628 1 6599 6598 6600
1629 1 6602 6601 6603
1630 1 6605 6604 6606
1631 1 6608 6607 6609
1632 1 6611 6610 6612
1633 1 6614 6613 6615
1634 1 6617 6616 6618
1635 1 6620 6619 6621
1636 1 6623 6622 6624
1637 1 6626 6625 6627
1638 1 6629 6628 6630
1639 1 6632 6631 6633
1640 1 6635 6634 6636
1641 1 6638 6637 6639
1642 1 6641 6640 6642
1643 1 6644 6643 6645
1644 1 6647 6646 6648
1645 1 6650 6649 6651
1646 1 6653 6652 6654
1647 1 6656 6655 6657
1648 1 6659 6658 6660
1649 1 6662 6661 6663
1650 1 6665 6664 6666
1651 1 6668 6667 6669
1652 1 6671 6670 6672
1653 1 6674 6673 6675
1654 1 6677 6676 6678
1655 1 6680 6679 6681
1656 1 6683 6682 6684
1657 1 6686 6685 6687
1658 1 6689 6688 6690
1659 1 6692 6691 6693
1660 1 6695 6694 6696
1661 1 6698 6697 6699
1662 1 6701 6700 6702
1663 1 6704 6703 6705
1664 1 6707 6706 6708
1665 1 6710 6709 6711
1666 1 6713 6712 6714
1667 1 6716 6715 6717
1668 1 6719 6718 6720
1669 1 6722 6721 6723
1670 1 6725 6724 6726
1671 1 6728 6727 6729
1672 1 6731 6730 6732
1673 1 6734 6733 6735
1674 1 6737 6736 6738
1675 1 6740 6739 6741
1676 1 6743 6742 6744
1677 1 6746 6745 6747
1678 1 6749 6748 6750
1679 1 6752 6751 6753
1680 1 6755 6754 6756
1681 1 6758 6757 6759
1682 1 6761 6760 6762
1683 1 6764 6763 6765
1684 1 6767 6766 6768
1685 1 6770 6769 6771
1686 1 6773 6772 6774
1687 1 6776 6775 6777
1688 1 6779 6778 6780
1689 1 6782 6781 6783
1690 1 6785 6784 6786
1691 1 6788 6787 6789
1692 1 6791 6790 6792
1693 1 6794 6793 6795
1694 1 6797 6796 6798
1695 1 6800 6799 6801
1696 1 6803 6802 6804
1697 1 6806 6805 6807
1698 1 6809 6808 6810
1699 1 6812 6811 6813
1700 1 6815 6814 6816
1701 1 6818 6817 6819
1702 1 6821 6820 6822
1703 1 6824 6823 6825
1704 1 6827 6826 6828
1705 1 6830 6829 6831
1706 1 6833 6832 6834
1707 1 6836 6835 6837
1708 1 6839 6838 6840
1709 1 6842 6841 6843
1710 1 6845 6844 6846
1711 1 6848 6847 6849
1712 1 6851 6850 6852
1713 1 6854 6853 6855
1714 1 6857 6856 6858
1715 1 6860 6859 6861
1716 1 6863 6862 6864
