1 1 1717 1718
2 1 1717 1719
3 1 1720 1721
4 1 1720 1722
5 1 1723 1724
6 1 1723 1725
7 1 1726 1727
8 1 1726 1728
9 1 1729 1730
10 1 1729 1731
11 1 1732 1733
12 1 1732 1734
13 1 1735 1736
14 1 1735 1737
15 1 1738 1739
16 1 1738 1740
17 1 1741 1742
18 1 1741 1743
19 1 1744 1745
20 1 1744 1746
21 1 1747 1748
22 1 1747 1749
23 1 1750 1751
24 1 1750 1752
25 1 1753 1754
26 1 1753 1755
27 1 1756 1757
28 1 1756 1758
29 1 1759 1760
30 1 1759 1761
31 1 1762 1763
32 1 1762 1764
33 1 1765 1766
34 1 1765 1767
35 1 1768 1769
36 1 1768 1770
37 1 1771 1772
38 1 1771 1773
39 1 1774 1775
40 1 1774 1776
41 1 1777 1778
42 1 1777 1779
43 1 1780 1781
44 1 1780 1782
45 1 1783 1784
46 1 1783 1785
47 1 1786 1787
48 1 1786 1788
49 1 1789 1790
50 1 1789 1791
51 1 1792 1793
52 1 1792 1794
53 1 1795 1796
54 1 1795 1797
55 1 1798 1799
56 1 1798 1800
57 1 1801 1802
58 1 1801 1803
59 1 1804 1805
60 1 1804 1806
61 1 1807 1808
62 1 1807 1809
63 1 1810 1811
64 1 1810 1812
65 1 1813 1814
66 1 1813 1815
67 1 1816 1817
68 1 1816 1818
69 1 1819 1820
70 1 1819 1821
71 1 1822 1823
72 1 1822 1824
73 1 1825 1826
74 1 1825 1827
75 1 1828 1829
76 1 1828 1830
77 1 1831 1832
78 1 1831 1833
79 1 1834 1835
80 1 1834 1836
81 1 1837 1838
82 1 1837 1839
83 1 1840 1841
84 1 1840 1842
85 1 1843 1844
86 1 1843 1845
87 1 1846 1847
88 1 1846 1848
89 1 1849 1850
90 1 1849 1851
91 1 1852 1853
92 1 1852 1854
93 1 1855 1856
94 1 1855 1857
95 1 1858 1859
96 1 1858 1860
97 1 1861 1862
98 1 1861 1863
99 1 1864 1865
100 1 1864 1866
101 1 1867 1868
102 1 1867 1869
103 1 1870 1871
104 1 1870 1872
105 1 1873 1874
106 1 1873 1875
107 1 1876 1877
108 1 1876 1878
109 1 1879 1880
110 1 1879 1881
111 1 1882 1883
112 1 1882 1884
113 1 1885 1886
114 1 1885 1887
115 1 1888 1889
116 1 1888 1890
117 1 1891 1892
118 1 1891 1893
119 1 1894 1895
120 1 1894 1896
121 1 1897 1898
122 1 1897 1899
123 1 1900 1901
124 1 1900 1902
125 1 1903 1904
126 1 1903 1905
127 1 1906 1907
128 1 1906 1908
129 1 1909 1910
130 1 1909 1911
131 1 1912 1913
132 1 1912 1914
133 1 1915 1916
134 1 1915 1917
135 1 1918 1919
136 1 1918 1920
137 1 1921 1922
138 1 1921 1923
139 1 1924 1925
140 1 1924 1926
141 1 1927 1928
142 1 1927 1929
143 1 1930 1931
144 1 1930 1932
145 1 1933 1934
146 1 1933 1935
147 1 1936 1937
148 1 1936 1938
149 1 1939 1940
150 1 1939 1941
151 1 1942 1943
152 1 1942 1944
153 1 1945 1946
154 1 1945 1947
155 1 1948 1949
156 1 1948 1950
157 1 1951 1952
158 1 1951 1953
159 1 1954 1955
160 1 1954 1956
161 1 1957 1958
162 1 1957 1959
163 1 1960 1961
164 1 1960 1962
165 1 1963 1964
166 1 1963 1965
167 1 1966 1967
168 1 1966 1968
169 1 1969 1970
170 1 1969 1971
171 1 1972 1973
172 1 1972 1974
173 1 1975 1976
174 1 1975 1977
175 1 1978 1979
176 1 1978 1980
177 1 1981 1982
178 1 1981 1983
179 1 1984 1985
180 1 1984 1986
181 1 1987 1988
182 1 1987 1989
183 1 1990 1991
184 1 1990 1992
185 1 1993 1994
186 1 1993 1995
187 1 1996 1997
188 1 1996 1998
189 1 1999 2000
190 1 1999 2001
191 1 2002 2003
192 1 2002 2004
193 1 2005 2006
194 1 2005 2007
195 1 2008 2009
196 1 2008 2010
197 1 2011 2012
198 1 2011 2013
199 1 2014 2015
200 1 2014 2016
201 1 2017 2018
202 1 2017 2019
203 1 2020 2021
204 1 2020 2022
205 1 2023 2024
206 1 2023 2025
207 1 2026 2027
208 1 2026 2028
209 1 2029 2030
210 1 2029 2031
211 1 2032 2033
212 1 2032 2034
213 1 2035 2036
214 1 2035 2037
215 1 2038 2039
216 1 2038 2040
217 1 2041 2042
218 1 2041 2043
219 1 2044 2045
220 1 2044 2046
221 1 2047 2048
222 1 2047 2049
223 1 2050 2051
224 1 2050 2052
225 1 2053 2054
226 1 2053 2055
227 1 2056 2057
228 1 2056 2058
229 1 2059 2060
230 1 2059 2061
231 1 2062 2063
232 1 2062 2064
233 1 2065 2066
234 1 2065 2067
235 1 2068 2069
236 1 2068 2070
237 1 2071 2072
238 1 2071 2073
239 1 2074 2075
240 1 2074 2076
241 1 2077 2078
242 1 2077 2079
243 1 2080 2081
244 1 2080 2082
245 1 2083 2084
246 1 2083 2085
247 1 2086 2087
248 1 2086 2088
249 1 2089 2090
250 1 2089 2091
251 1 2092 2093
252 1 2092 2094
253 1 2095 2096
254 1 2095 2097
255 1 2098 2099
256 1 2098 2100
257 1 2101 2102
258 1 2101 2103
259 1 2104 2105
260 1 2104 2106
261 1 2107 2108
262 1 2107 2109
263 1 2110 2111
264 1 2110 2112
265 1 2113 2114
266 1 2113 2115
267 1 2116 2117
268 1 2116 2118
269 1 2119 2120
270 1 2119 2121
271 1 2122 2123
272 1 2122 2124
273 1 2125 2126
274 1 2125 2127
275 1 2128 2129
276 1 2128 2130
277 1 2131 2132
278 1 2131 2133
279 1 2134 2135
280 1 2134 2136
281 1 2137 2138
282 1 2137 2139
283 1 2140 2141
284 1 2140 2142
285 1 2143 2144
286 1 2143 2145
287 1 2146 2147
288 1 2146 2148
289 1 2149 2150
290 1 2149 2151
291 1 2152 2153
292 1 2152 2154
293 1 2155 2156
294 1 2155 2157
295 1 2158 2159
296 1 2158 2160
297 1 2161 2162
298 1 2161 2163
299 1 2164 2165
300 1 2164 2166
301 1 2167 2168
302 1 2167 2169
303 1 2170 2171
304 1 2170 2172
305 1 2173 2174
306 1 2173 2175
307 1 2176 2177
308 1 2176 2178
309 1 2179 2180
310 1 2179 2181
311 1 2182 2183
312 1 2182 2184
313 1 2185 2186
314 1 2185 2187
315 1 2188 2189
316 1 2188 2190
317 1 2191 2192
318 1 2191 2193
319 1 2194 2195
320 1 2194 2196
321 1 2197 2198
322 1 2197 2199
323 1 2200 2201
324 1 2200 2202
325 1 2203 2204
326 1 2203 2205
327 1 2206 2207
328 1 2206 2208
329 1 2209 2210
330 1 2209 2211
331 1 2212 2213
332 1 2212 2214
333 1 2215 2216
334 1 2215 2217
335 1 2218 2219
336 1 2218 2220
337 1 2221 2222
338 1 2221 2223
339 1 2224 2225
340 1 2224 2226
341 1 2227 2228
342 1 2227 2229
343 1 2230 2231
344 1 2230 2232
345 1 2233 2234
346 1 2233 2235
347 1 2236 2237
348 1 2236 2238
349 1 2239 2240
350 1 2239 2241
351 1 2242 2243
352 1 2242 2244
353 1 2245 2246
354 1 2245 2247
355 1 2248 2249
356 1 2248 2250
357 1 2251 2252
358 1 2251 2253
359 1 2254 2255
360 1 2254 2256
361 1 2257 2258
362 1 2257 2259
363 1 2260 2261
364 1 2260 2262
365 1 2263 2264
366 1 2263 2265
367 1 2266 2267
368 1 2266 2268
369 1 2269 2270
370 1 2269 2271
371 1 2272 2273
372 1 2272 2274
373 1 2275 2276
374 1 2275 2277
375 1 2278 2279
376 1 2278 2280
377 1 2281 2282
378 1 2281 2283
379 1 2284 2285
380 1 2284 2286
381 1 2287 2288
382 1 2287 2289
383 1 2290 2291
384 1 2290 2292
385 1 2293 2294
386 1 2293 2295
387 1 2296 2297
388 1 2296 2298
389 1 2299 2300
390 1 2299 2301
391 1 2302 2303
392 1 2302 2304
393 1 2305 2306
394 1 2305 2307
395 1 2308 2309
396 1 2308 2310
397 1 2311 2312
398 1 2311 2313
399 1 2314 2315
400 1 2314 2316
401 1 2317 2318
402 1 2317 2319
403 1 2320 2321
404 1 2320 2322
405 1 2323 2324
406 1 2323 2325
407 1 2326 2327
408 1 2326 2328
409 1 2329 2330
410 1 2329 2331
411 1 2332 2333
412 1 2332 2334
413 1 2335 2336
414 1 2335 2337
415 1 2338 2339
416 1 2338 2340
417 1 2341 2342
418 1 2341 2343
419 1 2344 2345
420 1 2344 2346
421 1 2347 2348
422 1 2347 2349
423 1 2350 2351
424 1 2350 2352
425 1 2353 2354
426 1 2353 2355
427 1 2356 2357
428 1 2356 2358
429 1 2359 2360
430 1 2359 2361
431 1 2362 2363
432 1 2362 2364
433 1 2365 2366
434 1 2365 2367
435 1 2368 2369
436 1 2368 2370
437 1 2371 2372
438 1 2371 2373
439 1 2374 2375
440 1 2374 2376
441 1 2377 2378
442 1 2377 2379
443 1 2380 2381
444 1 2380 2382
445 1 2383 2384
446 1 2383 2385
447 1 2386 2387
448 1 2386 2388
449 1 2389 2390
450 1 2389 2391
451 1 2392 2393
452 1 2392 2394
453 1 2395 2396
454 1 2395 2397
455 1 2398 2399
456 1 2398 2400
457 1 2401 2402
458 1 2401 2403
459 1 2404 2405
460 1 2404 2406
461 1 2407 2408
462 1 2407 2409
463 1 2410 2411
464 1 2410 2412
465 1 2413 2414
466 1 2413 2415
467 1 2416 2417
468 1 2416 2418
469 1 2419 2420
470 1 2419 2421
471 1 2422 2423
472 1 2422 2424
473 1 2425 2426
474 1 2425 2427
475 1 2428 2429
476 1 2428 2430
477 1 2431 2432
478 1 2431 2433
479 1 2434 2435
480 1 2434 2436
481 1 2437 2438
482 1 2437 2439
483 1 2440 2441
484 1 2440 2442
485 1 2443 2444
486 1 2443 2445
487 1 2446 2447
488 1 2446 2448
489 1 2449 2450
490 1 2449 2451
491 1 2452 2453
492 1 2452 2454
493 1 2455 2456
494 1 2455 2457
495 1 2458 2459
496 1 2458 2460
497 1 2461 2462
498 1 2461 2463
499 1 2464 2465
500 1 2464 2466
501 1 2467 2468
502 1 2467 2469
503 1 2470 2471
504 1 2470 2472
505 1 2473 2474
506 1 2473 2475
507 1 2476 2477
508 1 2476 2478
509 1 2479 2480
510 1 2479 2481
511 1 2482 2483
512 1 2482 2484
513 1 2485 2486
514 1 2485 2487
515 1 2488 2489
516 1 2488 2490
517 1 2491 2492
518 1 2491 2493
519 1 2494 2495
520 1 2494 2496
521 1 2497 2498
522 1 2497 2499
523 1 2500 2501
524 1 2500 2502
525 1 2503 2504
526 1 2503 2505
527 1 2506 2507
528 1 2506 2508
529 1 2509 2510
530 1 2509 2511
531 1 2512 2513
532 1 2512 2514
533 1 2515 2516
534 1 2515 2517
535 1 2518 2519
536 1 2518 2520
537 1 2521 2522
538 1 2521 2523
539 1 2524 2525
540 1 2524 2526
541 1 2527 2528
542 1 2527 2529
543 1 2530 2531
544 1 2530 2532
545 1 2533 2534
546 1 2533 2535
547 1 2536 2537
548 1 2536 2538
549 1 2539 2540
550 1 2539 2541
551 1 2542 2543
552 1 2542 2544
553 1 2545 2546
554 1 2545 2547
555 1 2548 2549
556 1 2548 2550
557 1 2551 2552
558 1 2551 2553
559 1 2554 2555
560 1 2554 2556
561 1 2557 2558
562 1 2557 2559
563 1 2560 2561
564 1 2560 2562
565 1 2563 2564
566 1 2563 2565
567 1 2566 2567
568 1 2566 2568
569 1 2569 2570
570 1 2569 2571
571 1 2572 2573
572 1 2572 2574
573 1 2575 2576
574 1 2575 2577
575 1 2578 2579
576 1 2578 2580
577 1 2581 2582
578 1 2581 2583
579 1 2584 2585
580 1 2584 2586
581 1 2587 2588
582 1 2587 2589
583 1 2590 2591
584 1 2590 2592
585 1 2593 2594
586 1 2593 2595
587 1 2596 2597
588 1 2596 2598
589 1 2599 2600
590 1 2599 2601
591 1 2602 2603
592 1 2602 2604
593 1 2605 2606
594 1 2605 2607
595 1 2608 2609
596 1 2608 2610
597 1 2611 2612
598 1 2611 2613
599 1 2614 2615
600 1 2614 2616
601 1 2617 2618
602 1 2617 2619
603 1 2620 2621
604 1 2620 2622
605 1 2623 2624
606 1 2623 2625
607 1 2626 2627
608 1 2626 2628
609 1 2629 2630
610 1 2629 2631
611 1 2632 2633
612 1 2632 2634
613 1 2635 2636
614 1 2635 2637
615 1 2638 2639
616 1 2638 2640
617 1 2641 2642
618 1 2641 2643
619 1 2644 2645
620 1 2644 2646
621 1 2647 2648
622 1 2647 2649
623 1 2650 2651
624 1 2650 2652
625 1 2653 2654
626 1 2653 2655
627 1 2656 2657
628 1 2656 2658
629 1 2659 2660
630 1 2659 2661
631 1 2662 2663
632 1 2662 2664
633 1 2665 2666
634 1 2665 2667
635 1 2668 2669
636 1 2668 2670
637 1 2671 2672
638 1 2671 2673
639 1 2674 2675
640 1 2674 2676
641 1 2677 2678
642 1 2677 2679
643 1 2680 2681
644 1 2680 2682
645 1 2683 2684
646 1 2683 2685
647 1 2686 2687
648 1 2686 2688
649 1 2689 2690
650 1 2689 2691
651 1 2692 2693
652 1 2692 2694
653 1 2695 2696
654 1 2695 2697
655 1 2698 2699
656 1 2698 2700
657 1 2701 2702
658 1 2701 2703
659 1 2704 2705
660 1 2704 2706
661 1 2707 2708
662 1 2707 2709
663 1 2710 2711
664 1 2710 2712
665 1 2713 2714
666 1 2713 2715
667 1 2716 2717
668 1 2716 2718
669 1 2719 2720
670 1 2719 2721
671 1 2722 2723
672 1 2722 2724
673 1 2725 2726
674 1 2725 2727
675 1 2728 2729
676 1 2728 2730
677 1 2731 2732
678 1 2731 2733
679 1 2734 2735
680 1 2734 2736
681 1 2737 2738
682 1 2737 2739
683 1 2740 2741
684 1 2740 2742
685 1 2743 2744
686 1 2743 2745
687 1 2746 2747
688 1 2746 2748
689 1 2749 2750
690 1 2749 2751
691 1 2752 2753
692 1 2752 2754
693 1 2755 2756
694 1 2755 2757
695 1 2758 2759
696 1 2758 2760
697 1 2761 2762
698 1 2761 2763
699 1 2764 2765
700 1 2764 2766
701 1 2767 2768
702 1 2767 2769
703 1 2770 2771
704 1 2770 2772
705 1 2773 2774
706 1 2773 2775
707 1 2776 2777
708 1 2776 2778
709 1 2779 2780
710 1 2779 2781
711 1 2782 2783
712 1 2782 2784
713 1 2785 2786
714 1 2785 2787
715 1 2788 2789
716 1 2788 2790
717 1 2791 2792
718 1 2791 2793
719 1 2794 2795
720 1 2794 2796
721 1 2797 2798
722 1 2797 2799
723 1 2800 2801
724 1 2800 2802
725 1 2803 2804
726 1 2803 2805
727 1 2806 2807
728 1 2806 2808
729 1 2809 2810
730 1 2809 2811
731 1 2812 2813
732 1 2812 2814
733 1 2815 2816
734 1 2815 2817
735 1 2818 2819
736 1 2818 2820
737 1 2821 2822
738 1 2821 2823
739 1 2824 2825
740 1 2824 2826
741 1 2827 2828
742 1 2827 2829
743 1 2830 2831
744 1 2830 2832
745 1 2833 2834
746 1 2833 2835
747 1 2836 2837
748 1 2836 2838
749 1 2839 2840
750 1 2839 2841
751 1 2842 2843
752 1 2842 2844
753 1 2845 2846
754 1 2845 2847
755 1 2848 2849
756 1 2848 2850
757 1 2851 2852
758 1 2851 2853
759 1 2854 2855
760 1 2854 2856
761 1 2857 2858
762 1 2857 2859
763 1 2860 2861
764 1 2860 2862
765 1 2863 2864
766 1 2863 2865
767 1 2866 2867
768 1 2866 2868
769 1 2869 2870
770 1 2869 2871
771 1 2872 2873
772 1 2872 2874
773 1 2875 2876
774 1 2875 2877
775 1 2878 2879
776 1 2878 2880
777 1 2881 2882
778 1 2881 2883
779 1 2884 2885
780 1 2884 2886
781 1 2887 2888
782 1 2887 2889
783 1 2890 2891
784 1 2890 2892
785 1 2893 2894
786 1 2893 2895
787 1 2896 2897
788 1 2896 2898
789 1 2899 2900
790 1 2899 2901
791 1 2902 2903
792 1 2902 2904
793 1 2905 2906
794 1 2905 2907
795 1 2908 2909
796 1 2908 2910
797 1 2911 2912
798 1 2911 2913
799 1 2914 2915
800 1 2914 2916
801 1 2917 2918
802 1 2917 2919
803 1 2920 2921
804 1 2920 2922
805 1 2923 2924
806 1 2923 2925
807 1 2926 2927
808 1 2926 2928
809 1 2929 2930
810 1 2929 2931
811 1 2932 2933
812 1 2932 2934
813 1 2935 2936
814 1 2935 2937
815 1 2938 2939
816 1 2938 2940
817 1 2941 2942
818 1 2941 2943
819 1 2944 2945
820 1 2944 2946
821 1 2947 2948
822 1 2947 2949
823 1 2950 2951
824 1 2950 2952
825 1 2953 2954
826 1 2953 2955
827 1 2956 2957
828 1 2956 2958
829 1 2959 2960
830 1 2959 2961
831 1 2962 2963
832 1 2962 2964
833 1 2965 2966
834 1 2965 2967
835 1 2968 2969
836 1 2968 2970
837 1 2971 2972
838 1 2971 2973
839 1 2974 2975
840 1 2974 2976
841 1 2977 2978
842 1 2977 2979
843 1 2980 2981
844 1 2980 2982
845 1 2983 2984
846 1 2983 2985
847 1 2986 2987
848 1 2986 2988
849 1 2989 2990
850 1 2989 2991
851 1 2992 2993
852 1 2992 2994
853 1 2995 2996
854 1 2995 2997
855 1 2998 2999
856 1 2998 3000
857 1 3001 3002
858 1 3001 3003
859 1 3004 3005
860 1 3004 3006
861 1 3007 3008
862 1 3007 3009
863 1 3010 3011
864 1 3010 3012
865 1 3013 3014
866 1 3013 3015
867 1 3016 3017
868 1 3016 3018
869 1 3019 3020
870 1 3019 3021
871 1 3022 3023
872 1 3022 3024
873 1 3025 3026
874 1 3025 3027
875 1 3028 3029
876 1 3028 3030
877 1 3031 3032
878 1 3031 3033
879 1 3034 3035
880 1 3034 3036
881 1 3037 3038
882 1 3037 3039
883 1 3040 3041
884 1 3040 3042
885 1 3043 3044
886 1 3043 3045
887 1 3046 3047
888 1 3046 3048
889 1 3049 3050
890 1 3049 3051
891 1 3052 3053
892 1 3052 3054
893 1 3055 3056
894 1 3055 3057
895 1 3058 3059
896 1 3058 3060
897 1 3061 3062
898 1 3061 3063
899 1 3064 3065
900 1 3064 3066
901 1 3067 3068
902 1 3067 3069
903 1 3070 3071
904 1 3070 3072
905 1 3073 3074
906 1 3073 3075
907 1 3076 3077
908 1 3076 3078
909 1 3079 3080
910 1 3079 3081
911 1 3082 3083
912 1 3082 3084
913 1 3085 3086
914 1 3085 3087
915 1 3088 3089
916 1 3088 3090
917 1 3091 3092
918 1 3091 3093
919 1 3094 3095
920 1 3094 3096
921 1 3097 3098
922 1 3097 3099
923 1 3100 3101
924 1 3100 3102
925 1 3103 3104
926 1 3103 3105
927 1 3106 3107
928 1 3106 3108
929 1 3109 3110
930 1 3109 3111
931 1 3112 3113
932 1 3112 3114
933 1 3115 3116
934 1 3115 3117
935 1 3118 3119
936 1 3118 3120
937 1 3121 3122
938 1 3121 3123
939 1 3124 3125
940 1 3124 3126
941 1 3127 3128
942 1 3127 3129
943 1 3130 3131
944 1 3130 3132
945 1 3133 3134
946 1 3133 3135
947 1 3136 3137
948 1 3136 3138
949 1 3139 3140
950 1 3139 3141
951 1 3142 3143
952 1 3142 3144
953 1 3145 3146
954 1 3145 3147
955 1 3148 3149
956 1 3148 3150
957 1 3151 3152
958 1 3151 3153
959 1 3154 3155
960 1 3154 3156
961 1 3157 3158
962 1 3157 3159
963 1 3160 3161
964 1 3160 3162
965 1 3163 3164
966 1 3163 3165
967 1 3166 3167
968 1 3166 3168
969 1 3169 3170
970 1 3169 3171
971 1 3172 3173
972 1 3172 3174
973 1 3175 3176
974 1 3175 3177
975 1 3178 3179
976 1 3178 3180
977 1 3181 3182
978 1 3181 3183
979 1 3184 3185
980 1 3184 3186
981 1 3187 3188
982 1 3187 3189
983 1 3190 3191
984 1 3190 3192
985 1 3193 3194
986 1 3193 3195
987 1 3196 3197
988 1 3196 3198
989 1 3199 3200
990 1 3199 3201
991 1 3202 3203
992 1 3202 3204
993 1 3205 3206
994 1 3205 3207
995 1 3208 3209
996 1 3208 3210
997 1 3211 3212
998 1 3211 3213
999 1 3214 3215
1000 1 3214 3216
1001 1 3217 3218
1002 1 3217 3219
1003 1 3220 3221
1004 1 3220 3222
1005 1 3223 3224
1006 1 3223 3225
1007 1 3226 3227
1008 1 3226 3228
1009 1 3229 3230
1010 1 3229 3231
1011 1 3232 3233
1012 1 3232 3234
1013 1 3235 3236
1014 1 3235 3237
1015 1 3238 3239
1016 1 3238 3240
1017 1 3241 3242
1018 1 3241 3243
1019 1 3244 3245
1020 1 3244 3246
1021 1 3247 3248
1022 1 3247 3249
1023 1 3250 3251
1024 1 3250 3252
1025 1 3253 3254
1026 1 3253 3255
1027 1 3256 3257
1028 1 3256 3258
1029 1 3259 3260
1030 1 3259 3261
1031 1 3262 3263
1032 1 3262 3264
1033 1 3265 3266
1034 1 3265 3267
1035 1 3268 3269
1036 1 3268 3270
1037 1 3271 3272
1038 1 3271 3273
1039 1 3274 3275
1040 1 3274 3276
1041 1 3277 3278
1042 1 3277 3279
1043 1 3280 3281
1044 1 3280 3282
1045 1 3283 3284
1046 1 3283 3285
1047 1 3286 3287
1048 1 3286 3288
1049 1 3289 3290
1050 1 3289 3291
1051 1 3292 3293
1052 1 3292 3294
1053 1 3295 3296
1054 1 3295 3297
1055 1 3298 3299
1056 1 3298 3300
1057 1 3301 3302
1058 1 3301 3303
1059 1 3304 3305
1060 1 3304 3306
1061 1 3307 3308
1062 1 3307 3309
1063 1 3310 3311
1064 1 3310 3312
1065 1 3313 3314
1066 1 3313 3315
1067 1 3316 3317
1068 1 3316 3318
1069 1 3319 3320
1070 1 3319 3321
1071 1 3322 3323
1072 1 3322 3324
1073 1 3325 3326
1074 1 3325 3327
1075 1 3328 3329
1076 1 3328 3330
1077 1 3331 3332
1078 1 3331 3333
1079 1 3334 3335
1080 1 3334 3336
1081 1 3337 3338
1082 1 3337 3339
1083 1 3340 3341
1084 1 3340 3342
1085 1 3343 3344
1086 1 3343 3345
1087 1 3346 3347
1088 1 3346 3348
1089 1 3349 3350
1090 1 3349 3351
1091 1 3352 3353
1092 1 3352 3354
1093 1 3355 3356
1094 1 3355 3357
1095 1 3358 3359
1096 1 3358 3360
1097 1 3361 3362
1098 1 3361 3363
1099 1 3364 3365
1100 1 3364 3366
1101 1 3367 3368
1102 1 3367 3369
1103 1 3370 3371
1104 1 3370 3372
1105 1 3373 3374
1106 1 3373 3375
1107 1 3376 3377
1108 1 3376 3378
1109 1 3379 3380
1110 1 3379 3381
1111 1 3382 3383
1112 1 3382 3384
1113 1 3385 3386
1114 1 3385 3387
1115 1 3388 3389
1116 1 3388 3390
1117 1 3391 3392
1118 1 3391 3393
1119 1 3394 3395
1120 1 3394 3396
1121 1 3397 3398
1122 1 3397 3399
1123 1 3400 3401
1124 1 3400 3402
1125 1 3403 3404
1126 1 3403 3405
1127 1 3406 3407
1128 1 3406 3408
1129 1 3409 3410
1130 1 3409 3411
1131 1 3412 3413
1132 1 3412 3414
1133 1 3415 3416
1134 1 3415 3417
1135 1 3418 3419
1136 1 3418 3420
1137 1 3421 3422
1138 1 3421 3423
1139 1 3424 3425
1140 1 3424 3426
1141 1 3427 3428
1142 1 3427 3429
1143 1 3430 3431
1144 1 3430 3432
1145 1 3433 3434
1146 1 3433 3435
1147 1 3436 3437
1148 1 3436 3438
1149 1 3439 3440
1150 1 3439 3441
1151 1 3442 3443
1152 1 3442 3444
1153 1 3445 3446
1154 1 3445 3447
1155 1 3448 3449
1156 1 3448 3450
1157 1 3451 3452
1158 1 3451 3453
1159 1 3454 3455
1160 1 3454 3456
1161 1 3457 3458
1162 1 3457 3459
1163 1 3460 3461
1164 1 3460 3462
1165 1 3463 3464
1166 1 3463 3465
1167 1 3466 3467
1168 1 3466 3468
1169 1 3469 3470
1170 1 3469 3471
1171 1 3472 3473
1172 1 3472 3474
1173 1 3475 3476
1174 1 3475 3477
1175 1 3478 3479
1176 1 3478 3480
1177 1 3481 3482
1178 1 3481 3483
1179 1 3484 3485
1180 1 3484 3486
1181 1 3487 3488
1182 1 3487 3489
1183 1 3490 3491
1184 1 3490 3492
1185 1 3493 3494
1186 1 3493 3495
1187 1 3496 3497
1188 1 3496 3498
1189 1 3499 3500
1190 1 3499 3501
1191 1 3502 3503
1192 1 3502 3504
1193 1 3505 3506
1194 1 3505 3507
1195 1 3508 3509
1196 1 3508 3510
1197 1 3511 3512
1198 1 3511 3513
1199 1 3514 3515
1200 1 3514 3516
1201 1 3517 3518
1202 1 3517 3519
1203 1 3520 3521
1204 1 3520 3522
1205 1 3523 3524
1206 1 3523 3525
1207 1 3526 3527
1208 1 3526 3528
1209 1 3529 3530
1210 1 3529 3531
1211 1 3532 3533
1212 1 3532 3534
1213 1 3535 3536
1214 1 3535 3537
1215 1 3538 3539
1216 1 3538 3540
1217 1 3541 3542
1218 1 3541 3543
1219 1 3544 3545
1220 1 3544 3546
1221 1 3547 3548
1222 1 3547 3549
1223 1 3550 3551
1224 1 3550 3552
1225 1 3553 3554
1226 1 3553 3555
1227 1 3556 3557
1228 1 3556 3558
1229 1 3559 3560
1230 1 3559 3561
1231 1 3562 3563
1232 1 3562 3564
1233 1 3565 3566
1234 1 3565 3567
1235 1 3568 3569
1236 1 3568 3570
1237 1 3571 3572
1238 1 3571 3573
1239 1 3574 3575
1240 1 3574 3576
1241 1 3577 3578
1242 1 3577 3579
1243 1 3580 3581
1244 1 3580 3582
1245 1 3583 3584
1246 1 3583 3585
1247 1 3586 3587
1248 1 3586 3588
1249 1 3589 3590
1250 1 3589 3591
1251 1 3592 3593
1252 1 3592 3594
1253 1 3595 3596
1254 1 3595 3597
1255 1 3598 3599
1256 1 3598 3600
1257 1 3601 3602
1258 1 3601 3603
1259 1 3604 3605
1260 1 3604 3606
1261 1 3607 3608
1262 1 3607 3609
1263 1 3610 3611
1264 1 3610 3612
1265 1 3613 3614
1266 1 3613 3615
1267 1 3616 3617
1268 1 3616 3618
1269 1 3619 3620
1270 1 3619 3621
1271 1 3622 3623
1272 1 3622 3624
1273 1 3625 3626
1274 1 3625 3627
1275 1 3628 3629
1276 1 3628 3630
1277 1 3631 3632
1278 1 3631 3633
1279 1 3634 3635
1280 1 3634 3636
1281 1 3637 3638
1282 1 3637 3639
1283 1 3640 3641
1284 1 3640 3642
1285 1 3643 3644
1286 1 3643 3645
1287 1 3646 3647
1288 1 3646 3648
1289 1 3649 3650
1290 1 3649 3651
1291 1 3652 3653
1292 1 3652 3654
1293 1 3655 3656
1294 1 3655 3657
1295 1 3658 3659
1296 1 3658 3660
1297 1 3661 3662
1298 1 3661 3663
1299 1 3664 3665
1300 1 3664 3666
1301 1 3667 3668
1302 1 3667 3669
1303 1 3670 3671
1304 1 3670 3672
1305 1 3673 3674
1306 1 3673 3675
1307 1 3676 3677
1308 1 3676 3678
1309 1 3679 3680
1310 1 3679 3681
1311 1 3682 3683
1312 1 3682 3684
1313 1 3685 3686
1314 1 3685 3687
1315 1 3688 3689
1316 1 3688 3690
1317 1 3691 3692
1318 1 3691 3693
1319 1 3694 3695
1320 1 3694 3696
1321 1 3697 3698
1322 1 3697 3699
1323 1 3700 3701
1324 1 3700 3702
1325 1 3703 3704
1326 1 3703 3705
1327 1 3706 3707
1328 1 3706 3708
1329 1 3709 3710
1330 1 3709 3711
1331 1 3712 3713
1332 1 3712 3714
1333 1 3715 3716
1334 1 3715 3717
1335 1 3718 3719
1336 1 3718 3720
1337 1 3721 3722
1338 1 3721 3723
1339 1 3724 3725
1340 1 3724 3726
1341 1 3727 3728
1342 1 3727 3729
1343 1 3730 3731
1344 1 3730 3732
1345 1 3733 3734
1346 1 3733 3735
1347 1 3736 3737
1348 1 3736 3738
1349 1 3739 3740
1350 1 3739 3741
1351 1 3742 3743
1352 1 3742 3744
1353 1 3745 3746
1354 1 3745 3747
1355 1 3748 3749
1356 1 3748 3750
1357 1 3751 3752
1358 1 3751 3753
1359 1 3754 3755
1360 1 3754 3756
1361 1 3757 3758
1362 1 3757 3759
1363 1 3760 3761
1364 1 3760 3762
1365 1 3763 3764
1366 1 3763 3765
1367 1 3766 3767
1368 1 3766 3768
1369 1 3769 3770
1370 1 3769 3771
1371 1 3772 3773
1372 1 3772 3774
1373 1 3775 3776
1374 1 3775 3777
1375 1 3778 3779
1376 1 3778 3780
1377 1 3781 3782
1378 1 3781 3783
1379 1 3784 3785
1380 1 3784 3786
1381 1 3787 3788
1382 1 3787 3789
1383 1 3790 3791
1384 1 3790 3792
1385 1 3793 3794
1386 1 3793 3795
1387 1 3796 3797
1388 1 3796 3798
1389 1 3799 3800
1390 1 3799 3801
1391 1 3802 3803
1392 1 3802 3804
1393 1 3805 3806
1394 1 3805 3807
1395 1 3808 3809
1396 1 3808 3810
1397 1 3811 3812
1398 1 3811 3813
1399 1 3814 3815
1400 1 3814 3816
1401 1 3817 3818
1402 1 3817 3819
1403 1 3820 3821
1404 1 3820 3822
1405 1 3823 3824
1406 1 3823 3825
1407 1 3826 3827
1408 1 3826 3828
1409 1 3829 3830
1410 1 3829 3831
1411 1 3832 3833
1412 1 3832 3834
1413 1 3835 3836
1414 1 3835 3837
1415 1 3838 3839
1416 1 3838 3840
1417 1 3841 3842
1418 1 3841 3843
1419 1 3844 3845
1420 1 3844 3846
1421 1 3847 3848
1422 1 3847 3849
1423 1 3850 3851
1424 1 3850 3852
1425 1 3853 3854
1426 1 3853 3855
1427 1 3856 3857
1428 1 3856 3858
1429 1 3859 3860
1430 1 3859 3861
1431 1 3862 3863
1432 1 3862 3864
1433 1 3865 3866
1434 1 3865 3867
1435 1 3868 3869
1436 1 3868 3870
1437 1 3871 3872
1438 1 3871 3873
1439 1 3874 3875
1440 1 3874 3876
1441 1 3877 3878
1442 1 3877 3879
1443 1 3880 3881
1444 1 3880 3882
1445 1 3883 3884
1446 1 3883 3885
1447 1 3886 3887
1448 1 3886 3888
1449 1 3889 3890
1450 1 3889 3891
1451 1 3892 3893
1452 1 3892 3894
1453 1 3895 3896
1454 1 3895 3897
1455 1 3898 3899
1456 1 3898 3900
1457 1 3901 3902
1458 1 3901 3903
1459 1 3904 3905
1460 1 3904 3906
1461 1 3907 3908
1462 1 3907 3909
1463 1 3910 3911
1464 1 3910 3912
1465 1 3913 3914
1466 1 3913 3915
1467 1 3916 3917
1468 1 3916 3918
1469 1 3919 3920
1470 1 3919 3921
1471 1 3922 3923
1472 1 3922 3924
1473 1 3925 3926
1474 1 3925 3927
1475 1 3928 3929
1476 1 3928 3930
1477 1 3931 3932
1478 1 3931 3933
1479 1 3934 3935
1480 1 3934 3936
1481 1 3937 3938
1482 1 3937 3939
1483 1 3940 3941
1484 1 3940 3942
1485 1 3943 3944
1486 1 3943 3945
1487 1 3946 3947
1488 1 3946 3948
1489 1 3949 3950
1490 1 3949 3951
1491 1 3952 3953
1492 1 3952 3954
1493 1 3955 3956
1494 1 3955 3957
1495 1 3958 3959
1496 1 3958 3960
1497 1 3961 3962
1498 1 3961 3963
1499 1 3964 3965
1500 1 3964 3966
1501 1 3967 3968
1502 1 3967 3969
1503 1 3970 3971
1504 1 3970 3972
1505 1 3973 3974
1506 1 3973 3975
1507 1 3976 3977
1508 1 3976 3978
1509 1 3979 3980
1510 1 3979 3981
1511 1 3982 3983
1512 1 3982 3984
1513 1 3985 3986
1514 1 3985 3987
1515 1 3988 3989
1516 1 3988 3990
1517 1 3991 3992
1518 1 3991 3993
1519 1 3994 3995
1520 1 3994 3996
1521 1 3997 3998
1522 1 3997 3999
1523 1 4000 4001
1524 1 4000 4002
1525 1 4003 4004
1526 1 4003 4005
1527 1 4006 4007
1528 1 4006 4008
1529 1 4009 4010
1530 1 4009 4011
1531 1 4012 4013
1532 1 4012 4014
1533 1 4015 4016
1534 1 4015 4017
1535 1 4018 4019
1536 1 4018 4020
1537 1 4021 4022
1538 1 4021 4023
1539 1 4024 4025
1540 1 4024 4026
1541 1 4027 4028
1542 1 4027 4029
1543 1 4030 4031
1544 1 4030 4032
1545 1 4033 4034
1546 1 4033 4035
1547 1 4036 4037
1548 1 4036 4038
1549 1 4039 4040
1550 1 4039 4041
1551 1 4042 4043
1552 1 4042 4044
1553 1 4045 4046
1554 1 4045 4047
1555 1 4048 4049
1556 1 4048 4050
1557 1 4051 4052
1558 1 4051 4053
1559 1 4054 4055
1560 1 4054 4056
1561 1 4057 4058
1562 1 4057 4059
1563 1 4060 4061
1564 1 4060 4062
1565 1 4063 4064
1566 1 4063 4065
1567 1 4066 4067
1568 1 4066 4068
1569 1 4069 4070
1570 1 4069 4071
1571 1 4072 4073
1572 1 4072 4074
1573 1 4075 4076
1574 1 4075 4077
1575 1 4078 4079
1576 1 4078 4080
1577 1 4081 4082
1578 1 4081 4083
1579 1 4084 4085
1580 1 4084 4086
1581 1 4087 4088
1582 1 4087 4089
1583 1 4090 4091
1584 1 4090 4092
1585 1 4093 4094
1586 1 4093 4095
1587 1 4096 4097
1588 1 4096 4098
1589 1 4099 4100
1590 1 4099 4101
1591 1 4102 4103
1592 1 4102 4104
1593 1 4105 4106
1594 1 4105 4107
1595 1 4108 4109
1596 1 4108 4110
1597 1 4111 4112
1598 1 4111 4113
1599 1 4114 4115
1600 1 4114 4116
1601 1 4117 4118
1602 1 4117 4119
1603 1 4120 4121
1604 1 4120 4122
1605 1 4123 4124
1606 1 4123 4125
1607 1 4126 4127
1608 1 4126 4128
1609 1 4129 4130
1610 1 4129 4131
1611 1 4132 4133
1612 1 4132 4134
1613 1 4135 4136
1614 1 4135 4137
1615 1 4138 4139
1616 1 4138 4140
1617 1 4141 4142
1618 1 4141 4143
1619 1 4144 4145
1620 1 4144 4146
1621 1 4147 4148
1622 1 4147 4149
1623 1 4150 4151
1624 1 4150 4152
1625 1 4153 4154
1626 1 4153 4155
1627 1 4156 4157
1628 1 4156 4158
1629 1 4159 4160
1630 1 4159 4161
1631 1 4162 4163
1632 1 4162 4164
1633 1 4165 4166
1634 1 4165 4167
1635 1 4168 4169
1636 1 4168 4170
1637 1 4171 4172
1638 1 4171 4173
1639 1 4174 4175
1640 1 4174 4176
1641 1 4177 4178
1642 1 4177 4179
1643 1 4180 4181
1644 1 4180 4182
1645 1 4183 4184
1646 1 4183 4185
1647 1 4186 4187
1648 1 4186 4188
1649 1 4189 4190
1650 1 4189 4191
1651 1 4192 4193
1652 1 4192 4194
1653 1 4195 4196
1654 1 4195 4197
1655 1 4198 4199
1656 1 4198 4200
1657 1 4201 4202
1658 1 4201 4203
1659 1 4204 4205
1660 1 4204 4206
1661 1 4207 4208
1662 1 4207 4209
1663 1 4210 4211
1664 1 4210 4212
1665 1 4213 4214
1666 1 4213 4215
1667 1 4216 4217
1668 1 4216 4218
1669 1 4219 4220
1670 1 4219 4221
1671 1 4222 4223
1672 1 4222 4224
1673 1 4225 4226
1674 1 4225 4227
1675 1 4228 4229
1676 1 4228 4230
1677 1 4231 4232
1678 1 4231 4233
1679 1 4234 4235
1680 1 4234 4236
1681 1 4237 4238
1682 1 4237 4239
1683 1 4240 4241
1684 1 4240 4242
1685 1 4243 4244
1686 1 4243 4245
1687 1 4246 4247
1688 1 4246 4248
1689 1 4249 4250
1690 1 4249 4251
1691 1 4252 4253
1692 1 4252 4254
1693 1 4255 4256
1694 1 4255 4257
1695 1 4258 4259
1696 1 4258 4260
1697 1 4261 4262
1698 1 4261 4263
1699 1 4264 4265
1700 1 4264 4266
1701 1 4267 4268
1702 1 4267 4269
1703 1 4270 4271
1704 1 4270 4272
1705 1 4273 4274
1706 1 4273 4275
1707 1 4276 4277
1708 1 4276 4278
1709 1 4279 4280
1710 1 4279 4281
1711 1 4282 4283
1712 1 4282 4284
1713 1 4285 4286
1714 1 4285 4287
1715 1 4288 4289
1716 1 4288 4290
1717 1 4291 4292
1718 1 4291 4293
1719 1 4294 4295
1720 1 4294 4296
1721 1 4297 4298
1722 1 4297 4299
1723 1 4300 4301
1724 1 4300 4302
1725 1 4303 4304
1726 1 4303 4305
1727 1 4306 4307
1728 1 4306 4308
1729 1 4309 4310
1730 1 4309 4311
1731 1 4312 4313
1732 1 4312 4314
1733 1 4315 4316
1734 1 4315 4317
1735 1 4318 4319
1736 1 4318 4320
1737 1 4321 4322
1738 1 4321 4323
1739 1 4324 4325
1740 1 4324 4326
1741 1 4327 4328
1742 1 4327 4329
1743 1 4330 4331
1744 1 4330 4332
1745 1 4333 4334
1746 1 4333 4335
1747 1 4336 4337
1748 1 4336 4338
1749 1 4339 4340
1750 1 4339 4341
1751 1 4342 4343
1752 1 4342 4344
1753 1 4345 4346
1754 1 4345 4347
1755 1 4348 4349
1756 1 4348 4350
1757 1 4351 4352
1758 1 4351 4353
1759 1 4354 4355
1760 1 4354 4356
1761 1 4357 4358
1762 1 4357 4359
1763 1 4360 4361
1764 1 4360 4362
1765 1 4363 4364
1766 1 4363 4365
1767 1 4366 4367
1768 1 4366 4368
1769 1 4369 4370
1770 1 4369 4371
1771 1 4372 4373
1772 1 4372 4374
1773 1 4375 4376
1774 1 4375 4377
1775 1 4378 4379
1776 1 4378 4380
1777 1 4381 4382
1778 1 4381 4383
1779 1 4384 4385
1780 1 4384 4386
1781 1 4387 4388
1782 1 4387 4389
1783 1 4390 4391
1784 1 4390 4392
1785 1 4393 4394
1786 1 4393 4395
1787 1 4396 4397
1788 1 4396 4398
1789 1 4399 4400
1790 1 4399 4401
1791 1 4402 4403
1792 1 4402 4404
1793 1 4405 4406
1794 1 4405 4407
1795 1 4408 4409
1796 1 4408 4410
1797 1 4411 4412
1798 1 4411 4413
1799 1 4414 4415
1800 1 4414 4416
1801 1 4417 4418
1802 1 4417 4419
1803 1 4420 4421
1804 1 4420 4422
1805 1 4423 4424
1806 1 4423 4425
1807 1 4426 4427
1808 1 4426 4428
1809 1 4429 4430
1810 1 4429 4431
1811 1 4432 4433
1812 1 4432 4434
1813 1 4435 4436
1814 1 4435 4437
1815 1 4438 4439
1816 1 4438 4440
1817 1 4441 4442
1818 1 4441 4443
1819 1 4444 4445
1820 1 4444 4446
1821 1 4447 4448
1822 1 4447 4449
1823 1 4450 4451
1824 1 4450 4452
1825 1 4453 4454
1826 1 4453 4455
1827 1 4456 4457
1828 1 4456 4458
1829 1 4459 4460
1830 1 4459 4461
1831 1 4462 4463
1832 1 4462 4464
1833 1 4465 4466
1834 1 4465 4467
1835 1 4468 4469
1836 1 4468 4470
1837 1 4471 4472
1838 1 4471 4473
1839 1 4474 4475
1840 1 4474 4476
1841 1 4477 4478
1842 1 4477 4479
1843 1 4480 4481
1844 1 4480 4482
1845 1 4483 4484
1846 1 4483 4485
1847 1 4486 4487
1848 1 4486 4488
1849 1 4489 4490
1850 1 4489 4491
1851 1 4492 4493
1852 1 4492 4494
1853 1 4495 4496
1854 1 4495 4497
1855 1 4498 4499
1856 1 4498 4500
1857 1 4501 4502
1858 1 4501 4503
1859 1 4504 4505
1860 1 4504 4506
1861 1 4507 4508
1862 1 4507 4509
1863 1 4510 4511
1864 1 4510 4512
1865 1 4513 4514
1866 1 4513 4515
1867 1 4516 4517
1868 1 4516 4518
1869 1 4519 4520
1870 1 4519 4521
1871 1 4522 4523
1872 1 4522 4524
1873 1 4525 4526
1874 1 4525 4527
1875 1 4528 4529
1876 1 4528 4530
1877 1 4531 4532
1878 1 4531 4533
1879 1 4534 4535
1880 1 4534 4536
1881 1 4537 4538
1882 1 4537 4539
1883 1 4540 4541
1884 1 4540 4542
1885 1 4543 4544
1886 1 4543 4545
1887 1 4546 4547
1888 1 4546 4548
1889 1 4549 4550
1890 1 4549 4551
1891 1 4552 4553
1892 1 4552 4554
1893 1 4555 4556
1894 1 4555 4557
1895 1 4558 4559
1896 1 4558 4560
1897 1 4561 4562
1898 1 4561 4563
1899 1 4564 4565
1900 1 4564 4566
1901 1 4567 4568
1902 1 4567 4569
1903 1 4570 4571
1904 1 4570 4572
1905 1 4573 4574
1906 1 4573 4575
1907 1 4576 4577
1908 1 4576 4578
1909 1 4579 4580
1910 1 4579 4581
1911 1 4582 4583
1912 1 4582 4584
1913 1 4585 4586
1914 1 4585 4587
1915 1 4588 4589
1916 1 4588 4590
1917 1 4591 4592
1918 1 4591 4593
1919 1 4594 4595
1920 1 4594 4596
1921 1 4597 4598
1922 1 4597 4599
1923 1 4600 4601
1924 1 4600 4602
1925 1 4603 4604
1926 1 4603 4605
1927 1 4606 4607
1928 1 4606 4608
1929 1 4609 4610
1930 1 4609 4611
1931 1 4612 4613
1932 1 4612 4614
1933 1 4615 4616
1934 1 4615 4617
1935 1 4618 4619
1936 1 4618 4620
1937 1 4621 4622
1938 1 4621 4623
1939 1 4624 4625
1940 1 4624 4626
1941 1 4627 4628
1942 1 4627 4629
1943 1 4630 4631
1944 1 4630 4632
1945 1 4633 4634
1946 1 4633 4635
1947 1 4636 4637
1948 1 4636 4638
1949 1 4639 4640
1950 1 4639 4641
1951 1 4642 4643
1952 1 4642 4644
1953 1 4645 4646
1954 1 4645 4647
1955 1 4648 4649
1956 1 4648 4650
1957 1 4651 4652
1958 1 4651 4653
1959 1 4654 4655
1960 1 4654 4656
1961 1 4657 4658
1962 1 4657 4659
1963 1 4660 4661
1964 1 4660 4662
1965 1 4663 4664
1966 1 4663 4665
1967 1 4666 4667
1968 1 4666 4668
1969 1 4669 4670
1970 1 4669 4671
1971 1 4672 4673
1972 1 4672 4674
1973 1 4675 4676
1974 1 4675 4677
1975 1 4678 4679
1976 1 4678 4680
1977 1 4681 4682
1978 1 4681 4683
1979 1 4684 4685
1980 1 4684 4686
1981 1 4687 4688
1982 1 4687 4689
1983 1 4690 4691
1984 1 4690 4692
1985 1 4693 4694
1986 1 4693 4695
1987 1 4696 4697
1988 1 4696 4698
1989 1 4699 4700
1990 1 4699 4701
1991 1 4702 4703
1992 1 4702 4704
1993 1 4705 4706
1994 1 4705 4707
1995 1 4708 4709
1996 1 4708 4710
1997 1 4711 4712
1998 1 4711 4713
1999 1 4714 4715
2000 1 4714 4716
2001 1 4717 4718
2002 1 4717 4719
2003 1 4720 4721
2004 1 4720 4722
2005 1 4723 4724
2006 1 4723 4725
2007 1 4726 4727
2008 1 4726 4728
2009 1 4729 4730
2010 1 4729 4731
2011 1 4732 4733
2012 1 4732 4734
2013 1 4735 4736
2014 1 4735 4737
2015 1 4738 4739
2016 1 4738 4740
2017 1 4741 4742
2018 1 4741 4743
2019 1 4744 4745
2020 1 4744 4746
2021 1 4747 4748
2022 1 4747 4749
2023 1 4750 4751
2024 1 4750 4752
2025 1 4753 4754
2026 1 4753 4755
2027 1 4756 4757
2028 1 4756 4758
2029 1 4759 4760
2030 1 4759 4761
2031 1 4762 4763
2032 1 4762 4764
2033 1 4765 4766
2034 1 4765 4767
2035 1 4768 4769
2036 1 4768 4770
2037 1 4771 4772
2038 1 4771 4773
2039 1 4774 4775
2040 1 4774 4776
2041 1 4777 4778
2042 1 4777 4779
2043 1 4780 4781
2044 1 4780 4782
2045 1 4783 4784
2046 1 4783 4785
2047 1 4786 4787
2048 1 4786 4788
2049 1 4789 4790
2050 1 4789 4791
2051 1 4792 4793
2052 1 4792 4794
2053 1 4795 4796
2054 1 4795 4797
2055 1 4798 4799
2056 1 4798 4800
2057 1 4801 4802
2058 1 4801 4803
2059 1 4804 4805
2060 1 4804 4806
2061 1 4807 4808
2062 1 4807 4809
2063 1 4810 4811
2064 1 4810 4812
2065 1 4813 4814
2066 1 4813 4815
2067 1 4816 4817
2068 1 4816 4818
2069 1 4819 4820
2070 1 4819 4821
2071 1 4822 4823
2072 1 4822 4824
2073 1 4825 4826
2074 1 4825 4827
2075 1 4828 4829
2076 1 4828 4830
2077 1 4831 4832
2078 1 4831 4833
2079 1 4834 4835
2080 1 4834 4836
2081 1 4837 4838
2082 1 4837 4839
2083 1 4840 4841
2084 1 4840 4842
2085 1 4843 4844
2086 1 4843 4845
2087 1 4846 4847
2088 1 4846 4848
2089 1 4849 4850
2090 1 4849 4851
2091 1 4852 4853
2092 1 4852 4854
2093 1 4855 4856
2094 1 4855 4857
2095 1 4858 4859
2096 1 4858 4860
2097 1 4861 4862
2098 1 4861 4863
2099 1 4864 4865
2100 1 4864 4866
2101 1 4867 4868
2102 1 4867 4869
2103 1 4870 4871
2104 1 4870 4872
2105 1 4873 4874
2106 1 4873 4875
2107 1 4876 4877
2108 1 4876 4878
2109 1 4879 4880
2110 1 4879 4881
2111 1 4882 4883
2112 1 4882 4884
2113 1 4885 4886
2114 1 4885 4887
2115 1 4888 4889
2116 1 4888 4890
2117 1 4891 4892
2118 1 4891 4893
2119 1 4894 4895
2120 1 4894 4896
2121 1 4897 4898
2122 1 4897 4899
2123 1 4900 4901
2124 1 4900 4902
2125 1 4903 4904
2126 1 4903 4905
2127 1 4906 4907
2128 1 4906 4908
2129 1 4909 4910
2130 1 4909 4911
2131 1 4912 4913
2132 1 4912 4914
2133 1 4915 4916
2134 1 4915 4917
2135 1 4918 4919
2136 1 4918 4920
2137 1 4921 4922
2138 1 4921 4923
2139 1 4924 4925
2140 1 4924 4926
2141 1 4927 4928
2142 1 4927 4929
2143 1 4930 4931
2144 1 4930 4932
2145 1 4933 4934
2146 1 4933 4935
2147 1 4936 4937
2148 1 4936 4938
2149 1 4939 4940
2150 1 4939 4941
2151 1 4942 4943
2152 1 4942 4944
2153 1 4945 4946
2154 1 4945 4947
2155 1 4948 4949
2156 1 4948 4950
2157 1 4951 4952
2158 1 4951 4953
2159 1 4954 4955
2160 1 4954 4956
2161 1 4957 4958
2162 1 4957 4959
2163 1 4960 4961
2164 1 4960 4962
2165 1 4963 4964
2166 1 4963 4965
2167 1 4966 4967
2168 1 4966 4968
2169 1 4969 4970
2170 1 4969 4971
2171 1 4972 4973
2172 1 4972 4974
2173 1 4975 4976
2174 1 4975 4977
2175 1 4978 4979
2176 1 4978 4980
2177 1 4981 4982
2178 1 4981 4983
2179 1 4984 4985
2180 1 4984 4986
2181 1 4987 4988
2182 1 4987 4989
2183 1 4990 4991
2184 1 4990 4992
2185 1 4993 4994
2186 1 4993 4995
2187 1 4996 4997
2188 1 4996 4998
2189 1 4999 5000
2190 1 4999 5001
2191 1 5002 5003
2192 1 5002 5004
2193 1 5005 5006
2194 1 5005 5007
2195 1 5008 5009
2196 1 5008 5010
2197 1 5011 5012
2198 1 5011 5013
2199 1 5014 5015
2200 1 5014 5016
2201 1 5017 5018
2202 1 5017 5019
2203 1 5020 5021
2204 1 5020 5022
2205 1 5023 5024
2206 1 5023 5025
2207 1 5026 5027
2208 1 5026 5028
2209 1 5029 5030
2210 1 5029 5031
2211 1 5032 5033
2212 1 5032 5034
2213 1 5035 5036
2214 1 5035 5037
2215 1 5038 5039
2216 1 5038 5040
2217 1 5041 5042
2218 1 5041 5043
2219 1 5044 5045
2220 1 5044 5046
2221 1 5047 5048
2222 1 5047 5049
2223 1 5050 5051
2224 1 5050 5052
2225 1 5053 5054
2226 1 5053 5055
2227 1 5056 5057
2228 1 5056 5058
2229 1 5059 5060
2230 1 5059 5061
2231 1 5062 5063
2232 1 5062 5064
2233 1 5065 5066
2234 1 5065 5067
2235 1 5068 5069
2236 1 5068 5070
2237 1 5071 5072
2238 1 5071 5073
2239 1 5074 5075
2240 1 5074 5076
2241 1 5077 5078
2242 1 5077 5079
2243 1 5080 5081
2244 1 5080 5082
2245 1 5083 5084
2246 1 5083 5085
2247 1 5086 5087
2248 1 5086 5088
2249 1 5089 5090
2250 1 5089 5091
2251 1 5092 5093
2252 1 5092 5094
2253 1 5095 5096
2254 1 5095 5097
2255 1 5098 5099
2256 1 5098 5100
2257 1 5101 5102
2258 1 5101 5103
2259 1 5104 5105
2260 1 5104 5106
2261 1 5107 5108
2262 1 5107 5109
2263 1 5110 5111
2264 1 5110 5112
2265 1 5113 5114
2266 1 5113 5115
2267 1 5116 5117
2268 1 5116 5118
2269 1 5119 5120
2270 1 5119 5121
2271 1 5122 5123
2272 1 5122 5124
2273 1 5125 5126
2274 1 5125 5127
2275 1 5128 5129
2276 1 5128 5130
2277 1 5131 5132
2278 1 5131 5133
2279 1 5134 5135
2280 1 5134 5136
2281 1 5137 5138
2282 1 5137 5139
2283 1 5140 5141
2284 1 5140 5142
2285 1 5143 5144
2286 1 5143 5145
2287 1 5146 5147
2288 1 5146 5148
2289 1 5149 5150
2290 1 5149 5151
2291 1 5152 5153
2292 1 5152 5154
2293 1 5155 5156
2294 1 5155 5157
2295 1 5158 5159
2296 1 5158 5160
2297 1 5161 5162
2298 1 5161 5163
2299 1 5164 5165
2300 1 5164 5166
2301 1 5167 5168
2302 1 5167 5169
2303 1 5170 5171
2304 1 5170 5172
2305 1 5173 5174
2306 1 5173 5175
2307 1 5176 5177
2308 1 5176 5178
2309 1 5179 5180
2310 1 5179 5181
2311 1 5182 5183
2312 1 5182 5184
2313 1 5185 5186
2314 1 5185 5187
2315 1 5188 5189
2316 1 5188 5190
2317 1 5191 5192
2318 1 5191 5193
2319 1 5194 5195
2320 1 5194 5196
2321 1 5197 5198
2322 1 5197 5199
2323 1 5200 5201
2324 1 5200 5202
2325 1 5203 5204
2326 1 5203 5205
2327 1 5206 5207
2328 1 5206 5208
2329 1 5209 5210
2330 1 5209 5211
2331 1 5212 5213
2332 1 5212 5214
2333 1 5215 5216
2334 1 5215 5217
2335 1 5218 5219
2336 1 5218 5220
2337 1 5221 5222
2338 1 5221 5223
2339 1 5224 5225
2340 1 5224 5226
2341 1 5227 5228
2342 1 5227 5229
2343 1 5230 5231
2344 1 5230 5232
2345 1 5233 5234
2346 1 5233 5235
2347 1 5236 5237
2348 1 5236 5238
2349 1 5239 5240
2350 1 5239 5241
2351 1 5242 5243
2352 1 5242 5244
2353 1 5245 5246
2354 1 5245 5247
2355 1 5248 5249
2356 1 5248 5250
2357 1 5251 5252
2358 1 5251 5253
2359 1 5254 5255
2360 1 5254 5256
2361 1 5257 5258
2362 1 5257 5259
2363 1 5260 5261
2364 1 5260 5262
2365 1 5263 5264
2366 1 5263 5265
2367 1 5266 5267
2368 1 5266 5268
2369 1 5269 5270
2370 1 5269 5271
2371 1 5272 5273
2372 1 5272 5274
2373 1 5275 5276
2374 1 5275 5277
2375 1 5278 5279
2376 1 5278 5280
2377 1 5281 5282
2378 1 5281 5283
2379 1 5284 5285
2380 1 5284 5286
2381 1 5287 5288
2382 1 5287 5289
2383 1 5290 5291
2384 1 5290 5292
2385 1 5293 5294
2386 1 5293 5295
2387 1 5296 5297
2388 1 5296 5298
2389 1 5299 5300
2390 1 5299 5301
2391 1 5302 5303
2392 1 5302 5304
2393 1 5305 5306
2394 1 5305 5307
2395 1 5308 5309
2396 1 5308 5310
2397 1 5311 5312
2398 1 5311 5313
2399 1 5314 5315
2400 1 5314 5316
2401 1 5317 5318
2402 1 5317 5319
2403 1 5320 5321
2404 1 5320 5322
2405 1 5323 5324
2406 1 5323 5325
2407 1 5326 5327
2408 1 5326 5328
2409 1 5329 5330
2410 1 5329 5331
2411 1 5332 5333
2412 1 5332 5334
2413 1 5335 5336
2414 1 5335 5337
2415 1 5338 5339
2416 1 5338 5340
2417 1 5341 5342
2418 1 5341 5343
2419 1 5344 5345
2420 1 5344 5346
2421 1 5347 5348
2422 1 5347 5349
2423 1 5350 5351
2424 1 5350 5352
2425 1 5353 5354
2426 1 5353 5355
2427 1 5356 5357
2428 1 5356 5358
2429 1 5359 5360
2430 1 5359 5361
2431 1 5362 5363
2432 1 5362 5364
2433 1 5365 5366
2434 1 5365 5367
2435 1 5368 5369
2436 1 5368 5370
2437 1 5371 5372
2438 1 5371 5373
2439 1 5374 5375
2440 1 5374 5376
2441 1 5377 5378
2442 1 5377 5379
2443 1 5380 5381
2444 1 5380 5382
2445 1 5383 5384
2446 1 5383 5385
2447 1 5386 5387
2448 1 5386 5388
2449 1 5389 5390
2450 1 5389 5391
2451 1 5392 5393
2452 1 5392 5394
2453 1 5395 5396
2454 1 5395 5397
2455 1 5398 5399
2456 1 5398 5400
2457 1 5401 5402
2458 1 5401 5403
2459 1 5404 5405
2460 1 5404 5406
2461 1 5407 5408
2462 1 5407 5409
2463 1 5410 5411
2464 1 5410 5412
2465 1 5413 5414
2466 1 5413 5415
2467 1 5416 5417
2468 1 5416 5418
2469 1 5419 5420
2470 1 5419 5421
2471 1 5422 5423
2472 1 5422 5424
2473 1 5425 5426
2474 1 5425 5427
2475 1 5428 5429
2476 1 5428 5430
2477 1 5431 5432
2478 1 5431 5433
2479 1 5434 5435
2480 1 5434 5436
2481 1 5437 5438
2482 1 5437 5439
2483 1 5440 5441
2484 1 5440 5442
2485 1 5443 5444
2486 1 5443 5445
2487 1 5446 5447
2488 1 5446 5448
2489 1 5449 5450
2490 1 5449 5451
2491 1 5452 5453
2492 1 5452 5454
2493 1 5455 5456
2494 1 5455 5457
2495 1 5458 5459
2496 1 5458 5460
2497 1 5461 5462
2498 1 5461 5463
2499 1 5464 5465
2500 1 5464 5466
2501 1 5467 5468
2502 1 5467 5469
2503 1 5470 5471
2504 1 5470 5472
2505 1 5473 5474
2506 1 5473 5475
2507 1 5476 5477
2508 1 5476 5478
2509 1 5479 5480
2510 1 5479 5481
2511 1 5482 5483
2512 1 5482 5484
2513 1 5485 5486
2514 1 5485 5487
2515 1 5488 5489
2516 1 5488 5490
2517 1 5491 5492
2518 1 5491 5493
2519 1 5494 5495
2520 1 5494 5496
2521 1 5497 5498
2522 1 5497 5499
2523 1 5500 5501
2524 1 5500 5502
2525 1 5503 5504
2526 1 5503 5505
2527 1 5506 5507
2528 1 5506 5508
2529 1 5509 5510
2530 1 5509 5511
2531 1 5512 5513
2532 1 5512 5514
2533 1 5515 5516
2534 1 5515 5517
2535 1 5518 5519
2536 1 5518 5520
2537 1 5521 5522
2538 1 5521 5523
2539 1 5524 5525
2540 1 5524 5526
2541 1 5527 5528
2542 1 5527 5529
2543 1 5530 5531
2544 1 5530 5532
2545 1 5533 5534
2546 1 5533 5535
2547 1 5536 5537
2548 1 5536 5538
2549 1 5539 5540
2550 1 5539 5541
2551 1 5542 5543
2552 1 5542 5544
2553 1 5545 5546
2554 1 5545 5547
2555 1 5548 5549
2556 1 5548 5550
2557 1 5551 5552
2558 1 5551 5553
2559 1 5554 5555
2560 1 5554 5556
2561 1 5557 5558
2562 1 5557 5559
2563 1 5560 5561
2564 1 5560 5562
2565 1 5563 5564
2566 1 5563 5565
2567 1 5566 5567
2568 1 5566 5568
2569 1 5569 5570
2570 1 5569 5571
2571 1 5572 5573
2572 1 5572 5574
2573 1 5575 5576
2574 1 5575 5577
2575 1 5578 5579
2576 1 5578 5580
2577 1 5581 5582
2578 1 5581 5583
2579 1 5584 5585
2580 1 5584 5586
2581 1 5587 5588
2582 1 5587 5589
2583 1 5590 5591
2584 1 5590 5592
2585 1 5593 5594
2586 1 5593 5595
2587 1 5596 5597
2588 1 5596 5598
2589 1 5599 5600
2590 1 5599 5601
2591 1 5602 5603
2592 1 5602 5604
2593 1 5605 5606
2594 1 5605 5607
2595 1 5608 5609
2596 1 5608 5610
2597 1 5611 5612
2598 1 5611 5613
2599 1 5614 5615
2600 1 5614 5616
2601 1 5617 5618
2602 1 5617 5619
2603 1 5620 5621
2604 1 5620 5622
2605 1 5623 5624
2606 1 5623 5625
2607 1 5626 5627
2608 1 5626 5628
2609 1 5629 5630
2610 1 5629 5631
2611 1 5632 5633
2612 1 5632 5634
2613 1 5635 5636
2614 1 5635 5637
2615 1 5638 5639
2616 1 5638 5640
2617 1 5641 5642
2618 1 5641 5643
2619 1 5644 5645
2620 1 5644 5646
2621 1 5647 5648
2622 1 5647 5649
2623 1 5650 5651
2624 1 5650 5652
2625 1 5653 5654
2626 1 5653 5655
2627 1 5656 5657
2628 1 5656 5658
2629 1 5659 5660
2630 1 5659 5661
2631 1 5662 5663
2632 1 5662 5664
2633 1 5665 5666
2634 1 5665 5667
2635 1 5668 5669
2636 1 5668 5670
2637 1 5671 5672
2638 1 5671 5673
2639 1 5674 5675
2640 1 5674 5676
2641 1 5677 5678
2642 1 5677 5679
2643 1 5680 5681
2644 1 5680 5682
2645 1 5683 5684
2646 1 5683 5685
2647 1 5686 5687
2648 1 5686 5688
2649 1 5689 5690
2650 1 5689 5691
2651 1 5692 5693
2652 1 5692 5694
2653 1 5695 5696
2654 1 5695 5697
2655 1 5698 5699
2656 1 5698 5700
2657 1 5701 5702
2658 1 5701 5703
2659 1 5704 5705
2660 1 5704 5706
2661 1 5707 5708
2662 1 5707 5709
2663 1 5710 5711
2664 1 5710 5712
2665 1 5713 5714
2666 1 5713 5715
2667 1 5716 5717
2668 1 5716 5718
2669 1 5719 5720
2670 1 5719 5721
2671 1 5722 5723
2672 1 5722 5724
2673 1 5725 5726
2674 1 5725 5727
2675 1 5728 5729
2676 1 5728 5730
2677 1 5731 5732
2678 1 5731 5733
2679 1 5734 5735
2680 1 5734 5736
2681 1 5737 5738
2682 1 5737 5739
2683 1 5740 5741
2684 1 5740 5742
2685 1 5743 5744
2686 1 5743 5745
2687 1 5746 5747
2688 1 5746 5748
2689 1 5749 5750
2690 1 5749 5751
2691 1 5752 5753
2692 1 5752 5754
2693 1 5755 5756
2694 1 5755 5757
2695 1 5758 5759
2696 1 5758 5760
2697 1 5761 5762
2698 1 5761 5763
2699 1 5764 5765
2700 1 5764 5766
2701 1 5767 5768
2702 1 5767 5769
2703 1 5770 5771
2704 1 5770 5772
2705 1 5773 5774
2706 1 5773 5775
2707 1 5776 5777
2708 1 5776 5778
2709 1 5779 5780
2710 1 5779 5781
2711 1 5782 5783
2712 1 5782 5784
2713 1 5785 5786
2714 1 5785 5787
2715 1 5788 5789
2716 1 5788 5790
2717 1 5791 5792
2718 1 5791 5793
2719 1 5794 5795
2720 1 5794 5796
2721 1 5797 5798
2722 1 5797 5799
2723 1 5800 5801
2724 1 5800 5802
2725 1 5803 5804
2726 1 5803 5805
2727 1 5806 5807
2728 1 5806 5808
2729 1 5809 5810
2730 1 5809 5811
2731 1 5812 5813
2732 1 5812 5814
2733 1 5815 5816
2734 1 5815 5817
2735 1 5818 5819
2736 1 5818 5820
2737 1 5821 5822
2738 1 5821 5823
2739 1 5824 5825
2740 1 5824 5826
2741 1 5827 5828
2742 1 5827 5829
2743 1 5830 5831
2744 1 5830 5832
2745 1 5833 5834
2746 1 5833 5835
2747 1 5836 5837
2748 1 5836 5838
2749 1 5839 5840
2750 1 5839 5841
2751 1 5842 5843
2752 1 5842 5844
2753 1 5845 5846
2754 1 5845 5847
2755 1 5848 5849
2756 1 5848 5850
2757 1 5851 5852
2758 1 5851 5853
2759 1 5854 5855
2760 1 5854 5856
2761 1 5857 5858
2762 1 5857 5859
2763 1 5860 5861
2764 1 5860 5862
2765 1 5863 5864
2766 1 5863 5865
2767 1 5866 5867
2768 1 5866 5868
2769 1 5869 5870
2770 1 5869 5871
2771 1 5872 5873
2772 1 5872 5874
2773 1 5875 5876
2774 1 5875 5877
2775 1 5878 5879
2776 1 5878 5880
2777 1 5881 5882
2778 1 5881 5883
2779 1 5884 5885
2780 1 5884 5886
2781 1 5887 5888
2782 1 5887 5889
2783 1 5890 5891
2784 1 5890 5892
2785 1 5893 5894
2786 1 5893 5895
2787 1 5896 5897
2788 1 5896 5898
2789 1 5899 5900
2790 1 5899 5901
2791 1 5902 5903
2792 1 5902 5904
2793 1 5905 5906
2794 1 5905 5907
2795 1 5908 5909
2796 1 5908 5910
2797 1 5911 5912
2798 1 5911 5913
2799 1 5914 5915
2800 1 5914 5916
2801 1 5917 5918
2802 1 5917 5919
2803 1 5920 5921
2804 1 5920 5922
2805 1 5923 5924
2806 1 5923 5925
2807 1 5926 5927
2808 1 5926 5928
2809 1 5929 5930
2810 1 5929 5931
2811 1 5932 5933
2812 1 5932 5934
2813 1 5935 5936
2814 1 5935 5937
2815 1 5938 5939
2816 1 5938 5940
2817 1 5941 5942
2818 1 5941 5943
2819 1 5944 5945
2820 1 5944 5946
2821 1 5947 5948
2822 1 5947 5949
2823 1 5950 5951
2824 1 5950 5952
2825 1 5953 5954
2826 1 5953 5955
2827 1 5956 5957
2828 1 5956 5958
2829 1 5959 5960
2830 1 5959 5961
2831 1 5962 5963
2832 1 5962 5964
2833 1 5965 5966
2834 1 5965 5967
2835 1 5968 5969
2836 1 5968 5970
2837 1 5971 5972
2838 1 5971 5973
2839 1 5974 5975
2840 1 5974 5976
2841 1 5977 5978
2842 1 5977 5979
2843 1 5980 5981
2844 1 5980 5982
2845 1 5983 5984
2846 1 5983 5985
2847 1 5986 5987
2848 1 5986 5988
2849 1 5989 5990
2850 1 5989 5991
2851 1 5992 5993
2852 1 5992 5994
2853 1 5995 5996
2854 1 5995 5997
2855 1 5998 5999
2856 1 5998 6000
2857 1 6001 6002
2858 1 6001 6003
2859 1 6004 6005
2860 1 6004 6006
2861 1 6007 6008
2862 1 6007 6009
2863 1 6010 6011
2864 1 6010 6012
2865 1 6013 6014
2866 1 6013 6015
2867 1 6016 6017
2868 1 6016 6018
2869 1 6019 6020
2870 1 6019 6021
2871 1 6022 6023
2872 1 6022 6024
2873 1 6025 6026
2874 1 6025 6027
2875 1 6028 6029
2876 1 6028 6030
2877 1 6031 6032
2878 1 6031 6033
2879 1 6034 6035
2880 1 6034 6036
2881 1 6037 6038
2882 1 6037 6039
2883 1 6040 6041
2884 1 6040 6042
2885 1 6043 6044
2886 1 6043 6045
2887 1 6046 6047
2888 1 6046 6048
2889 1 6049 6050
2890 1 6049 6051
2891 1 6052 6053
2892 1 6052 6054
2893 1 6055 6056
2894 1 6055 6057
2895 1 6058 6059
2896 1 6058 6060
2897 1 6061 6062
2898 1 6061 6063
2899 1 6064 6065
2900 1 6064 6066
2901 1 6067 6068
2902 1 6067 6069
2903 1 6070 6071
2904 1 6070 6072
2905 1 6073 6074
2906 1 6073 6075
2907 1 6076 6077
2908 1 6076 6078
2909 1 6079 6080
2910 1 6079 6081
2911 1 6082 6083
2912 1 6082 6084
2913 1 6085 6086
2914 1 6085 6087
2915 1 6088 6089
2916 1 6088 6090
2917 1 6091 6092
2918 1 6091 6093
2919 1 6094 6095
2920 1 6094 6096
2921 1 6097 6098
2922 1 6097 6099
2923 1 6100 6101
2924 1 6100 6102
2925 1 6103 6104
2926 1 6103 6105
2927 1 6106 6107
2928 1 6106 6108
2929 1 6109 6110
2930 1 6109 6111
2931 1 6112 6113
2932 1 6112 6114
2933 1 6115 6116
2934 1 6115 6117
2935 1 6118 6119
2936 1 6118 6120
2937 1 6121 6122
2938 1 6121 6123
2939 1 6124 6125
2940 1 6124 6126
2941 1 6127 6128
2942 1 6127 6129
2943 1 6130 6131
2944 1 6130 6132
2945 1 6133 6134
2946 1 6133 6135
2947 1 6136 6137
2948 1 6136 6138
2949 1 6139 6140
2950 1 6139 6141
2951 1 6142 6143
2952 1 6142 6144
2953 1 6145 6146
2954 1 6145 6147
2955 1 6148 6149
2956 1 6148 6150
2957 1 6151 6152
2958 1 6151 6153
2959 1 6154 6155
2960 1 6154 6156
2961 1 6157 6158
2962 1 6157 6159
2963 1 6160 6161
2964 1 6160 6162
2965 1 6163 6164
2966 1 6163 6165
2967 1 6166 6167
2968 1 6166 6168
2969 1 6169 6170
2970 1 6169 6171
2971 1 6172 6173
2972 1 6172 6174
2973 1 6175 6176
2974 1 6175 6177
2975 1 6178 6179
2976 1 6178 6180
2977 1 6181 6182
2978 1 6181 6183
2979 1 6184 6185
2980 1 6184 6186
2981 1 6187 6188
2982 1 6187 6189
2983 1 6190 6191
2984 1 6190 6192
2985 1 6193 6194
2986 1 6193 6195
2987 1 6196 6197
2988 1 6196 6198
2989 1 6199 6200
2990 1 6199 6201
2991 1 6202 6203
2992 1 6202 6204
2993 1 6205 6206
2994 1 6205 6207
2995 1 6208 6209
2996 1 6208 6210
2997 1 6211 6212
2998 1 6211 6213
2999 1 6214 6215
3000 1 6214 6216
3001 1 6217 6218
3002 1 6217 6219
3003 1 6220 6221
3004 1 6220 6222
3005 1 6223 6224
3006 1 6223 6225
3007 1 6226 6227
3008 1 6226 6228
3009 1 6229 6230
3010 1 6229 6231
3011 1 6232 6233
3012 1 6232 6234
3013 1 6235 6236
3014 1 6235 6237
3015 1 6238 6239
3016 1 6238 6240
3017 1 6241 6242
3018 1 6241 6243
3019 1 6244 6245
3020 1 6244 6246
3021 1 6247 6248
3022 1 6247 6249
3023 1 6250 6251
3024 1 6250 6252
3025 1 6253 6254
3026 1 6253 6255
3027 1 6256 6257
3028 1 6256 6258
3029 1 6259 6260
3030 1 6259 6261
3031 1 6262 6263
3032 1 6262 6264
3033 1 6265 6266
3034 1 6265 6267
3035 1 6268 6269
3036 1 6268 6270
3037 1 6271 6272
3038 1 6271 6273
3039 1 6274 6275
3040 1 6274 6276
3041 1 6277 6278
3042 1 6277 6279
3043 1 6280 6281
3044 1 6280 6282
3045 1 6283 6284
3046 1 6283 6285
3047 1 6286 6287
3048 1 6286 6288
3049 1 6289 6290
3050 1 6289 6291
3051 1 6292 6293
3052 1 6292 6294
3053 1 6295 6296
3054 1 6295 6297
3055 1 6298 6299
3056 1 6298 6300
3057 1 6301 6302
3058 1 6301 6303
3059 1 6304 6305
3060 1 6304 6306
3061 1 6307 6308
3062 1 6307 6309
3063 1 6310 6311
3064 1 6310 6312
3065 1 6313 6314
3066 1 6313 6315
3067 1 6316 6317
3068 1 6316 6318
3069 1 6319 6320
3070 1 6319 6321
3071 1 6322 6323
3072 1 6322 6324
3073 1 6325 6326
3074 1 6325 6327
3075 1 6328 6329
3076 1 6328 6330
3077 1 6331 6332
3078 1 6331 6333
3079 1 6334 6335
3080 1 6334 6336
3081 1 6337 6338
3082 1 6337 6339
3083 1 6340 6341
3084 1 6340 6342
3085 1 6343 6344
3086 1 6343 6345
3087 1 6346 6347
3088 1 6346 6348
3089 1 6349 6350
3090 1 6349 6351
3091 1 6352 6353
3092 1 6352 6354
3093 1 6355 6356
3094 1 6355 6357
3095 1 6358 6359
3096 1 6358 6360
3097 1 6361 6362
3098 1 6361 6363
3099 1 6364 6365
3100 1 6364 6366
3101 1 6367 6368
3102 1 6367 6369
3103 1 6370 6371
3104 1 6370 6372
3105 1 6373 6374
3106 1 6373 6375
3107 1 6376 6377
3108 1 6376 6378
3109 1 6379 6380
3110 1 6379 6381
3111 1 6382 6383
3112 1 6382 6384
3113 1 6385 6386
3114 1 6385 6387
3115 1 6388 6389
3116 1 6388 6390
3117 1 6391 6392
3118 1 6391 6393
3119 1 6394 6395
3120 1 6394 6396
3121 1 6397 6398
3122 1 6397 6399
3123 1 6400 6401
3124 1 6400 6402
3125 1 6403 6404
3126 1 6403 6405
3127 1 6406 6407
3128 1 6406 6408
3129 1 6409 6410
3130 1 6409 6411
3131 1 6412 6413
3132 1 6412 6414
3133 1 6415 6416
3134 1 6415 6417
3135 1 6418 6419
3136 1 6418 6420
3137 1 6421 6422
3138 1 6421 6423
3139 1 6424 6425
3140 1 6424 6426
3141 1 6427 6428
3142 1 6427 6429
3143 1 6430 6431
3144 1 6430 6432
3145 1 6433 6434
3146 1 6433 6435
3147 1 6436 6437
3148 1 6436 6438
3149 1 6439 6440
3150 1 6439 6441
3151 1 6442 6443
3152 1 6442 6444
3153 1 6445 6446
3154 1 6445 6447
3155 1 6448 6449
3156 1 6448 6450
3157 1 6451 6452
3158 1 6451 6453
3159 1 6454 6455
3160 1 6454 6456
3161 1 6457 6458
3162 1 6457 6459
3163 1 6460 6461
3164 1 6460 6462
3165 1 6463 6464
3166 1 6463 6465
3167 1 6466 6467
3168 1 6466 6468
3169 1 6469 6470
3170 1 6469 6471
3171 1 6472 6473
3172 1 6472 6474
3173 1 6475 6476
3174 1 6475 6477
3175 1 6478 6479
3176 1 6478 6480
3177 1 6481 6482
3178 1 6481 6483
3179 1 6484 6485
3180 1 6484 6486
3181 1 6487 6488
3182 1 6487 6489
3183 1 6490 6491
3184 1 6490 6492
3185 1 6493 6494
3186 1 6493 6495
3187 1 6496 6497
3188 1 6496 6498
3189 1 6499 6500
3190 1 6499 6501
3191 1 6502 6503
3192 1 6502 6504
3193 1 6505 6506
3194 1 6505 6507
3195 1 6508 6509
3196 1 6508 6510
3197 1 6511 6512
3198 1 6511 6513
3199 1 6514 6515
3200 1 6514 6516
3201 1 6517 6518
3202 1 6517 6519
3203 1 6520 6521
3204 1 6520 6522
3205 1 6523 6524
3206 1 6523 6525
3207 1 6526 6527
3208 1 6526 6528
3209 1 6529 6530
3210 1 6529 6531
3211 1 6532 6533
3212 1 6532 6534
3213 1 6535 6536
3214 1 6535 6537
3215 1 6538 6539
3216 1 6538 6540
3217 1 6541 6542
3218 1 6541 6543
3219 1 6544 6545
3220 1 6544 6546
3221 1 6547 6548
3222 1 6547 6549
3223 1 6550 6551
3224 1 6550 6552
3225 1 6553 6554
3226 1 6553 6555
3227 1 6556 6557
3228 1 6556 6558
3229 1 6559 6560
3230 1 6559 6561
3231 1 6562 6563
3232 1 6562 6564
3233 1 6565 6566
3234 1 6565 6567
3235 1 6568 6569
3236 1 6568 6570
3237 1 6571 6572
3238 1 6571 6573
3239 1 6574 6575
3240 1 6574 6576
3241 1 6577 6578
3242 1 6577 6579
3243 1 6580 6581
3244 1 6580 6582
3245 1 6583 6584
3246 1 6583 6585
3247 1 6586 6587
3248 1 6586 6588
3249 1 6589 6590
3250 1 6589 6591
3251 1 6592 6593
3252 1 6592 6594
3253 1 6595 6596
3254 1 6595 6597
3255 1 6598 6599
3256 1 6598 6600
3257 1 6601 6602
3258 1 6601 6603
3259 1 6604 6605
3260 1 6604 6606
3261 1 6607 6608
3262 1 6607 6609
3263 1 6610 6611
3264 1 6610 6612
3265 1 6613 6614
3266 1 6613 6615
3267 1 6616 6617
3268 1 6616 6618
3269 1 6619 6620
3270 1 6619 6621
3271 1 6622 6623
3272 1 6622 6624
3273 1 6625 6626
3274 1 6625 6627
3275 1 6628 6629
3276 1 6628 6630
3277 1 6631 6632
3278 1 6631 6633
3279 1 6634 6635
3280 1 6634 6636
3281 1 6637 6638
3282 1 6637 6639
3283 1 6640 6641
3284 1 6640 6642
3285 1 6643 6644
3286 1 6643 6645
3287 1 6646 6647
3288 1 6646 6648
3289 1 6649 6650
3290 1 6649 6651
3291 1 6652 6653
3292 1 6652 6654
3293 1 6655 6656
3294 1 6655 6657
3295 1 6658 6659
3296 1 6658 6660
3297 1 6661 6662
3298 1 6661 6663
3299 1 6664 6665
3300 1 6664 6666
3301 1 6667 6668
3302 1 6667 6669
3303 1 6670 6671
3304 1 6670 6672
3305 1 6673 6674
3306 1 6673 6675
3307 1 6676 6677
3308 1 6676 6678
3309 1 6679 6680
3310 1 6679 6681
3311 1 6682 6683
3312 1 6682 6684
3313 1 6685 6686
3314 1 6685 6687
3315 1 6688 6689
3316 1 6688 6690
3317 1 6691 6692
3318 1 6691 6693
3319 1 6694 6695
3320 1 6694 6696
3321 1 6697 6698
3322 1 6697 6699
3323 1 6700 6701
3324 1 6700 6702
3325 1 6703 6704
3326 1 6703 6705
3327 1 6706 6707
3328 1 6706 6708
3329 1 6709 6710
3330 1 6709 6711
3331 1 6712 6713
3332 1 6712 6714
3333 1 6715 6716
3334 1 6715 6717
3335 1 6718 6719
3336 1 6718 6720
3337 1 6721 6722
3338 1 6721 6723
3339 1 6724 6725
3340 1 6724 6726
3341 1 6727 6728
3342 1 6727 6729
3343 1 6730 6731
3344 1 6730 6732
3345 1 6733 6734
3346 1 6733 6735
3347 1 6736 6737
3348 1 6736 6738
3349 1 6739 6740
3350 1 6739 6741
3351 1 6742 6743
3352 1 6742 6744
3353 1 6745 6746
3354 1 6745 6747
3355 1 6748 6749
3356 1 6748 6750
3357 1 6751 6752
3358 1 6751 6753
3359 1 6754 6755
3360 1 6754 6756
3361 1 6757 6758
3362 1 6757 6759
3363 1 6760 6761
3364 1 6760 6762
3365 1 6763 6764
3366 1 6763 6765
3367 1 6766 6767
3368 1 6766 6768
3369 1 6769 6770
3370 1 6769 6771
3371 1 6772 6773
3372 1 6772 6774
3373 1 6775 6776
3374 1 6775 6777
3375 1 6778 6779
3376 1 6778 6780
3377 1 6781 6782
3378 1 6781 6783
3379 1 6784 6785
3380 1 6784 6786
3381 1 6787 6788
3382 1 6787 6789
3383 1 6790 6791
3384 1 6790 6792
3385 1 6793 6794
3386 1 6793 6795
3387 1 6796 6797
3388 1 6796 6798
3389 1 6799 6800
3390 1 6799 6801
3391 1 6802 6803
3392 1 6802 6804
3393 1 6805 6806
3394 1 6805 6807
3395 1 6808 6809
3396 1 6808 6810
3397 1 6811 6812
3398 1 6811 6813
3399 1 6814 6815
3400 1 6814 6816
3401 1 6817 6818
3402 1 6817 6819
3403 1 6820 6821
3404 1 6820 6822
3405 1 6823 6824
3406 1 6823 6825
3407 1 6826 6827
3408 1 6826 6828
3409 1 6829 6830
3410 1 6829 6831
3411 1 6832 6833
3412 1 6832 6834
3413 1 6835 6836
3414 1 6835 6837
3415 1 6838 6839
3416 1 6838 6840
3417 1 6841 6842
3418 1 6841 6843
3419 1 6844 6845
3420 1 6844 6846
3421 1 6847 6848
3422 1 6847 6849
3423 1 6850 6851
3424 1 6850 6852
3425 1 6853 6854
3426 1 6853 6855
3427 1 6856 6857
3428 1 6856 6858
3429 1 6859 6860
3430 1 6859 6861
3431 1 6862 6863
3432 1 6862 6864
