1 1 2734 2733 2735
2 1 2737 2736 2738
3 1 2740 2739 2741
4 1 2743 2742 2744
5 1 2746 2745 2747
6 1 2749 2748 2750
7 1 2752 2751 2753
8 1 2755 2754 2756
9 1 2758 2757 2759
10 1 2761 2760 2762
11 1 2764 2763 2765
12 1 2767 2766 2768
13 1 2770 2769 2771
14 1 2773 2772 2774
15 1 2776 2775 2777
16 1 2779 2778 2780
17 1 2782 2781 2783
18 1 2785 2784 2786
19 1 2788 2787 2789
20 1 2791 2790 2792
21 1 2794 2793 2795
22 1 2797 2796 2798
23 1 2800 2799 2801
24 1 2803 2802 2804
25 1 2806 2805 2807
26 1 2809 2808 2810
27 1 2812 2811 2813
28 1 2815 2814 2816
29 1 2818 2817 2819
30 1 2821 2820 2822
31 1 2824 2823 2825
32 1 2827 2826 2828
33 1 2830 2829 2831
34 1 2833 2832 2834
35 1 2836 2835 2837
36 1 2839 2838 2840
37 1 2842 2841 2843
38 1 2845 2844 2846
39 1 2848 2847 2849
40 1 2851 2850 2852
41 1 2854 2853 2855
42 1 2857 2856 2858
43 1 2860 2859 2861
44 1 2863 2862 2864
45 1 2866 2865 2867
46 1 2869 2868 2870
47 1 2872 2871 2873
48 1 2875 2874 2876
49 1 2878 2877 2879
50 1 2881 2880 2882
51 1 2884 2883 2885
52 1 2887 2886 2888
53 1 2890 2889 2891
54 1 2893 2892 2894
55 1 2896 2895 2897
56 1 2899 2898 2900
57 1 2902 2901 2903
58 1 2905 2904 2906
59 1 2908 2907 2909
60 1 2911 2910 2912
61 1 2914 2913 2915
62 1 2917 2916 2918
63 1 2920 2919 2921
64 1 2923 2922 2924
65 1 2926 2925 2927
66 1 2929 2928 2930
67 1 2932 2931 2933
68 1 2935 2934 2936
69 1 2938 2937 2939
70 1 2941 2940 2942
71 1 2944 2943 2945
72 1 2947 2946 2948
73 1 2950 2949 2951
74 1 2953 2952 2954
75 1 2956 2955 2957
76 1 2959 2958 2960
77 1 2962 2961 2963
78 1 2965 2964 2966
79 1 2968 2967 2969
80 1 2971 2970 2972
81 1 2974 2973 2975
82 1 2977 2976 2978
83 1 2980 2979 2981
84 1 2983 2982 2984
85 1 2986 2985 2987
86 1 2989 2988 2990
87 1 2992 2991 2993
88 1 2995 2994 2996
89 1 2998 2997 2999
90 1 3001 3000 3002
91 1 3004 3003 3005
92 1 3007 3006 3008
93 1 3010 3009 3011
94 1 3013 3012 3014
95 1 3016 3015 3017
96 1 3019 3018 3020
97 1 3022 3021 3023
98 1 3025 3024 3026
99 1 3028 3027 3029
100 1 3031 3030 3032
101 1 3034 3033 3035
102 1 3037 3036 3038
103 1 3040 3039 3041
104 1 3043 3042 3044
105 1 3046 3045 3047
106 1 3049 3048 3050
107 1 3052 3051 3053
108 1 3055 3054 3056
109 1 3058 3057 3059
110 1 3061 3060 3062
111 1 3064 3063 3065
112 1 3067 3066 3068
113 1 3070 3069 3071
114 1 3073 3072 3074
115 1 3076 3075 3077
116 1 3079 3078 3080
117 1 3082 3081 3083
118 1 3085 3084 3086
119 1 3088 3087 3089
120 1 3091 3090 3092
121 1 3094 3093 3095
122 1 3097 3096 3098
123 1 3100 3099 3101
124 1 3103 3102 3104
125 1 3106 3105 3107
126 1 3109 3108 3110
127 1 3112 3111 3113
128 1 3115 3114 3116
129 1 3118 3117 3119
130 1 3121 3120 3122
131 1 3124 3123 3125
132 1 3127 3126 3128
133 1 3130 3129 3131
134 1 3133 3132 3134
135 1 3136 3135 3137
136 1 3139 3138 3140
137 1 3142 3141 3143
138 1 3145 3144 3146
139 1 3148 3147 3149
140 1 3151 3150 3152
141 1 3154 3153 3155
142 1 3157 3156 3158
143 1 3160 3159 3161
144 1 3163 3162 3164
145 1 3166 3165 3167
146 1 3169 3168 3170
147 1 3172 3171 3173
148 1 3175 3174 3176
149 1 3178 3177 3179
150 1 3181 3180 3182
151 1 3184 3183 3185
152 1 3187 3186 3188
153 1 3190 3189 3191
154 1 3193 3192 3194
155 1 3196 3195 3197
156 1 3199 3198 3200
157 1 3202 3201 3203
158 1 3205 3204 3206
159 1 3208 3207 3209
160 1 3211 3210 3212
161 1 3214 3213 3215
162 1 3217 3216 3218
163 1 3220 3219 3221
164 1 3223 3222 3224
165 1 3226 3225 3227
166 1 3229 3228 3230
167 1 3232 3231 3233
168 1 3235 3234 3236
169 1 3238 3237 3239
170 1 3241 3240 3242
171 1 3244 3243 3245
172 1 3247 3246 3248
173 1 3250 3249 3251
174 1 3253 3252 3254
175 1 3256 3255 3257
176 1 3259 3258 3260
177 1 3262 3261 3263
178 1 3265 3264 3266
179 1 3268 3267 3269
180 1 3271 3270 3272
181 1 3274 3273 3275
182 1 3277 3276 3278
183 1 3280 3279 3281
184 1 3283 3282 3284
185 1 3286 3285 3287
186 1 3289 3288 3290
187 1 3292 3291 3293
188 1 3295 3294 3296
189 1 3298 3297 3299
190 1 3301 3300 3302
191 1 3304 3303 3305
192 1 3307 3306 3308
193 1 3310 3309 3311
194 1 3313 3312 3314
195 1 3316 3315 3317
196 1 3319 3318 3320
197 1 3322 3321 3323
198 1 3325 3324 3326
199 1 3328 3327 3329
200 1 3331 3330 3332
201 1 3334 3333 3335
202 1 3337 3336 3338
203 1 3340 3339 3341
204 1 3343 3342 3344
205 1 3346 3345 3347
206 1 3349 3348 3350
207 1 3352 3351 3353
208 1 3355 3354 3356
209 1 3358 3357 3359
210 1 3361 3360 3362
211 1 3364 3363 3365
212 1 3367 3366 3368
213 1 3370 3369 3371
214 1 3373 3372 3374
215 1 3376 3375 3377
216 1 3379 3378 3380
217 1 3382 3381 3383
218 1 3385 3384 3386
219 1 3388 3387 3389
220 1 3391 3390 3392
221 1 3394 3393 3395
222 1 3397 3396 3398
223 1 3400 3399 3401
224 1 3403 3402 3404
225 1 3406 3405 3407
226 1 3409 3408 3410
227 1 3412 3411 3413
228 1 3415 3414 3416
229 1 3418 3417 3419
230 1 3421 3420 3422
231 1 3424 3423 3425
232 1 3427 3426 3428
233 1 3430 3429 3431
234 1 3433 3432 3434
235 1 3436 3435 3437
236 1 3439 3438 3440
237 1 3442 3441 3443
238 1 3445 3444 3446
239 1 3448 3447 3449
240 1 3451 3450 3452
241 1 3454 3453 3455
242 1 3457 3456 3458
243 1 3460 3459 3461
244 1 3463 3462 3464
245 1 3466 3465 3467
246 1 3469 3468 3470
247 1 3472 3471 3473
248 1 3475 3474 3476
249 1 3478 3477 3479
250 1 3481 3480 3482
251 1 3484 3483 3485
252 1 3487 3486 3488
253 1 3490 3489 3491
254 1 3493 3492 3494
255 1 3496 3495 3497
256 1 3499 3498 3500
257 1 3502 3501 3503
258 1 3505 3504 3506
259 1 3508 3507 3509
260 1 3511 3510 3512
261 1 3514 3513 3515
262 1 3517 3516 3518
263 1 3520 3519 3521
264 1 3523 3522 3524
265 1 3526 3525 3527
266 1 3529 3528 3530
267 1 3532 3531 3533
268 1 3535 3534 3536
269 1 3538 3537 3539
270 1 3541 3540 3542
271 1 3544 3543 3545
272 1 3547 3546 3548
273 1 3550 3549 3551
274 1 3553 3552 3554
275 1 3556 3555 3557
276 1 3559 3558 3560
277 1 3562 3561 3563
278 1 3565 3564 3566
279 1 3568 3567 3569
280 1 3571 3570 3572
281 1 3574 3573 3575
282 1 3577 3576 3578
283 1 3580 3579 3581
284 1 3583 3582 3584
285 1 3586 3585 3587
286 1 3589 3588 3590
287 1 3592 3591 3593
288 1 3595 3594 3596
289 1 3598 3597 3599
290 1 3601 3600 3602
291 1 3604 3603 3605
292 1 3607 3606 3608
293 1 3610 3609 3611
294 1 3613 3612 3614
295 1 3616 3615 3617
296 1 3619 3618 3620
297 1 3622 3621 3623
298 1 3625 3624 3626
299 1 3628 3627 3629
300 1 3631 3630 3632
301 1 3634 3633 3635
302 1 3637 3636 3638
303 1 3640 3639 3641
304 1 3643 3642 3644
305 1 3646 3645 3647
306 1 3649 3648 3650
307 1 3652 3651 3653
308 1 3655 3654 3656
309 1 3658 3657 3659
310 1 3661 3660 3662
311 1 3664 3663 3665
312 1 3667 3666 3668
313 1 3670 3669 3671
314 1 3673 3672 3674
315 1 3676 3675 3677
316 1 3679 3678 3680
317 1 3682 3681 3683
318 1 3685 3684 3686
319 1 3688 3687 3689
320 1 3691 3690 3692
321 1 3694 3693 3695
322 1 3697 3696 3698
323 1 3700 3699 3701
324 1 3703 3702 3704
325 1 3706 3705 3707
326 1 3709 3708 3710
327 1 3712 3711 3713
328 1 3715 3714 3716
329 1 3718 3717 3719
330 1 3721 3720 3722
331 1 3724 3723 3725
332 1 3727 3726 3728
333 1 3730 3729 3731
334 1 3733 3732 3734
335 1 3736 3735 3737
336 1 3739 3738 3740
337 1 3742 3741 3743
338 1 3745 3744 3746
339 1 3748 3747 3749
340 1 3751 3750 3752
341 1 3754 3753 3755
342 1 3757 3756 3758
343 1 3760 3759 3761
344 1 3763 3762 3764
345 1 3766 3765 3767
346 1 3769 3768 3770
347 1 3772 3771 3773
348 1 3775 3774 3776
349 1 3778 3777 3779
350 1 3781 3780 3782
351 1 3784 3783 3785
352 1 3787 3786 3788
353 1 3790 3789 3791
354 1 3793 3792 3794
355 1 3796 3795 3797
356 1 3799 3798 3800
357 1 3802 3801 3803
358 1 3805 3804 3806
359 1 3808 3807 3809
360 1 3811 3810 3812
361 1 3814 3813 3815
362 1 3817 3816 3818
363 1 3820 3819 3821
364 1 3823 3822 3824
365 1 3826 3825 3827
366 1 3829 3828 3830
367 1 3832 3831 3833
368 1 3835 3834 3836
369 1 3838 3837 3839
370 1 3841 3840 3842
371 1 3844 3843 3845
372 1 3847 3846 3848
373 1 3850 3849 3851
374 1 3853 3852 3854
375 1 3856 3855 3857
376 1 3859 3858 3860
377 1 3862 3861 3863
378 1 3865 3864 3866
379 1 3868 3867 3869
380 1 3871 3870 3872
381 1 3874 3873 3875
382 1 3877 3876 3878
383 1 3880 3879 3881
384 1 3883 3882 3884
385 1 3886 3885 3887
386 1 3889 3888 3890
387 1 3892 3891 3893
388 1 3895 3894 3896
389 1 3898 3897 3899
390 1 3901 3900 3902
391 1 3904 3903 3905
392 1 3907 3906 3908
393 1 3910 3909 3911
394 1 3913 3912 3914
395 1 3916 3915 3917
396 1 3919 3918 3920
397 1 3922 3921 3923
398 1 3925 3924 3926
399 1 3928 3927 3929
400 1 3931 3930 3932
401 1 3934 3933 3935
402 1 3937 3936 3938
403 1 3940 3939 3941
404 1 3943 3942 3944
405 1 3946 3945 3947
406 1 3949 3948 3950
407 1 3952 3951 3953
408 1 3955 3954 3956
409 1 3958 3957 3959
410 1 3961 3960 3962
411 1 3964 3963 3965
412 1 3967 3966 3968
413 1 3970 3969 3971
414 1 3973 3972 3974
415 1 3976 3975 3977
416 1 3979 3978 3980
417 1 3982 3981 3983
418 1 3985 3984 3986
419 1 3988 3987 3989
420 1 3991 3990 3992
421 1 3994 3993 3995
422 1 3997 3996 3998
423 1 4000 3999 4001
424 1 4003 4002 4004
425 1 4006 4005 4007
426 1 4009 4008 4010
427 1 4012 4011 4013
428 1 4015 4014 4016
429 1 4018 4017 4019
430 1 4021 4020 4022
431 1 4024 4023 4025
432 1 4027 4026 4028
433 1 4030 4029 4031
434 1 4033 4032 4034
435 1 4036 4035 4037
436 1 4039 4038 4040
437 1 4042 4041 4043
438 1 4045 4044 4046
439 1 4048 4047 4049
440 1 4051 4050 4052
441 1 4054 4053 4055
442 1 4057 4056 4058
443 1 4060 4059 4061
444 1 4063 4062 4064
445 1 4066 4065 4067
446 1 4069 4068 4070
447 1 4072 4071 4073
448 1 4075 4074 4076
449 1 4078 4077 4079
450 1 4081 4080 4082
451 1 4084 4083 4085
452 1 4087 4086 4088
453 1 4090 4089 4091
454 1 4093 4092 4094
455 1 4096 4095 4097
456 1 4099 4098 4100
457 1 4102 4101 4103
458 1 4105 4104 4106
459 1 4108 4107 4109
460 1 4111 4110 4112
461 1 4114 4113 4115
462 1 4117 4116 4118
463 1 4120 4119 4121
464 1 4123 4122 4124
465 1 4126 4125 4127
466 1 4129 4128 4130
467 1 4132 4131 4133
468 1 4135 4134 4136
469 1 4138 4137 4139
470 1 4141 4140 4142
471 1 4144 4143 4145
472 1 4147 4146 4148
473 1 4150 4149 4151
474 1 4153 4152 4154
475 1 4156 4155 4157
476 1 4159 4158 4160
477 1 4162 4161 4163
478 1 4165 4164 4166
479 1 4168 4167 4169
480 1 4171 4170 4172
481 1 4174 4173 4175
482 1 4177 4176 4178
483 1 4180 4179 4181
484 1 4183 4182 4184
485 1 4186 4185 4187
486 1 4189 4188 4190
487 1 4192 4191 4193
488 1 4195 4194 4196
489 1 4198 4197 4199
490 1 4201 4200 4202
491 1 4204 4203 4205
492 1 4207 4206 4208
493 1 4210 4209 4211
494 1 4213 4212 4214
495 1 4216 4215 4217
496 1 4219 4218 4220
497 1 4222 4221 4223
498 1 4225 4224 4226
499 1 4228 4227 4229
500 1 4231 4230 4232
501 1 4234 4233 4235
502 1 4237 4236 4238
503 1 4240 4239 4241
504 1 4243 4242 4244
505 1 4246 4245 4247
506 1 4249 4248 4250
507 1 4252 4251 4253
508 1 4255 4254 4256
509 1 4258 4257 4259
510 1 4261 4260 4262
511 1 4264 4263 4265
512 1 4267 4266 4268
513 1 4270 4269 4271
514 1 4273 4272 4274
515 1 4276 4275 4277
516 1 4279 4278 4280
517 1 4282 4281 4283
518 1 4285 4284 4286
519 1 4288 4287 4289
520 1 4291 4290 4292
521 1 4294 4293 4295
522 1 4297 4296 4298
523 1 4300 4299 4301
524 1 4303 4302 4304
525 1 4306 4305 4307
526 1 4309 4308 4310
527 1 4312 4311 4313
528 1 4315 4314 4316
529 1 4318 4317 4319
530 1 4321 4320 4322
531 1 4324 4323 4325
532 1 4327 4326 4328
533 1 4330 4329 4331
534 1 4333 4332 4334
535 1 4336 4335 4337
536 1 4339 4338 4340
537 1 4342 4341 4343
538 1 4345 4344 4346
539 1 4348 4347 4349
540 1 4351 4350 4352
541 1 4354 4353 4355
542 1 4357 4356 4358
543 1 4360 4359 4361
544 1 4363 4362 4364
545 1 4366 4365 4367
546 1 4369 4368 4370
547 1 4372 4371 4373
548 1 4375 4374 4376
549 1 4378 4377 4379
550 1 4381 4380 4382
551 1 4384 4383 4385
552 1 4387 4386 4388
553 1 4390 4389 4391
554 1 4393 4392 4394
555 1 4396 4395 4397
556 1 4399 4398 4400
557 1 4402 4401 4403
558 1 4405 4404 4406
559 1 4408 4407 4409
560 1 4411 4410 4412
561 1 4414 4413 4415
562 1 4417 4416 4418
563 1 4420 4419 4421
564 1 4423 4422 4424
565 1 4426 4425 4427
566 1 4429 4428 4430
567 1 4432 4431 4433
568 1 4435 4434 4436
569 1 4438 4437 4439
570 1 4441 4440 4442
571 1 4444 4443 4445
572 1 4447 4446 4448
573 1 4450 4449 4451
574 1 4453 4452 4454
575 1 4456 4455 4457
576 1 4459 4458 4460
577 1 4462 4461 4463
578 1 4465 4464 4466
579 1 4468 4467 4469
580 1 4471 4470 4472
581 1 4474 4473 4475
582 1 4477 4476 4478
583 1 4480 4479 4481
584 1 4483 4482 4484
585 1 4486 4485 4487
586 1 4489 4488 4490
587 1 4492 4491 4493
588 1 4495 4494 4496
589 1 4498 4497 4499
590 1 4501 4500 4502
591 1 4504 4503 4505
592 1 4507 4506 4508
593 1 4510 4509 4511
594 1 4513 4512 4514
595 1 4516 4515 4517
596 1 4519 4518 4520
597 1 4522 4521 4523
598 1 4525 4524 4526
599 1 4528 4527 4529
600 1 4531 4530 4532
601 1 4534 4533 4535
602 1 4537 4536 4538
603 1 4540 4539 4541
604 1 4543 4542 4544
605 1 4546 4545 4547
606 1 4549 4548 4550
607 1 4552 4551 4553
608 1 4555 4554 4556
609 1 4558 4557 4559
610 1 4561 4560 4562
611 1 4564 4563 4565
612 1 4567 4566 4568
613 1 4570 4569 4571
614 1 4573 4572 4574
615 1 4576 4575 4577
616 1 4579 4578 4580
617 1 4582 4581 4583
618 1 4585 4584 4586
619 1 4588 4587 4589
620 1 4591 4590 4592
621 1 4594 4593 4595
622 1 4597 4596 4598
623 1 4600 4599 4601
624 1 4603 4602 4604
625 1 4606 4605 4607
626 1 4609 4608 4610
627 1 4612 4611 4613
628 1 4615 4614 4616
629 1 4618 4617 4619
630 1 4621 4620 4622
631 1 4624 4623 4625
632 1 4627 4626 4628
633 1 4630 4629 4631
634 1 4633 4632 4634
635 1 4636 4635 4637
636 1 4639 4638 4640
637 1 4642 4641 4643
638 1 4645 4644 4646
639 1 4648 4647 4649
640 1 4651 4650 4652
641 1 4654 4653 4655
642 1 4657 4656 4658
643 1 4660 4659 4661
644 1 4663 4662 4664
645 1 4666 4665 4667
646 1 4669 4668 4670
647 1 4672 4671 4673
648 1 4675 4674 4676
649 1 4678 4677 4679
650 1 4681 4680 4682
651 1 4684 4683 4685
652 1 4687 4686 4688
653 1 4690 4689 4691
654 1 4693 4692 4694
655 1 4696 4695 4697
656 1 4699 4698 4700
657 1 4702 4701 4703
658 1 4705 4704 4706
659 1 4708 4707 4709
660 1 4711 4710 4712
661 1 4714 4713 4715
662 1 4717 4716 4718
663 1 4720 4719 4721
664 1 4723 4722 4724
665 1 4726 4725 4727
666 1 4729 4728 4730
667 1 4732 4731 4733
668 1 4735 4734 4736
669 1 4738 4737 4739
670 1 4741 4740 4742
671 1 4744 4743 4745
672 1 4747 4746 4748
673 1 4750 4749 4751
674 1 4753 4752 4754
675 1 4756 4755 4757
676 1 4759 4758 4760
677 1 4762 4761 4763
678 1 4765 4764 4766
679 1 4768 4767 4769
680 1 4771 4770 4772
681 1 4774 4773 4775
682 1 4777 4776 4778
683 1 4780 4779 4781
684 1 4783 4782 4784
685 1 4786 4785 4787
686 1 4789 4788 4790
687 1 4792 4791 4793
688 1 4795 4794 4796
689 1 4798 4797 4799
690 1 4801 4800 4802
691 1 4804 4803 4805
692 1 4807 4806 4808
693 1 4810 4809 4811
694 1 4813 4812 4814
695 1 4816 4815 4817
696 1 4819 4818 4820
697 1 4822 4821 4823
698 1 4825 4824 4826
699 1 4828 4827 4829
700 1 4831 4830 4832
701 1 4834 4833 4835
702 1 4837 4836 4838
703 1 4840 4839 4841
704 1 4843 4842 4844
705 1 4846 4845 4847
706 1 4849 4848 4850
707 1 4852 4851 4853
708 1 4855 4854 4856
709 1 4858 4857 4859
710 1 4861 4860 4862
711 1 4864 4863 4865
712 1 4867 4866 4868
713 1 4870 4869 4871
714 1 4873 4872 4874
715 1 4876 4875 4877
716 1 4879 4878 4880
717 1 4882 4881 4883
718 1 4885 4884 4886
719 1 4888 4887 4889
720 1 4891 4890 4892
721 1 4894 4893 4895
722 1 4897 4896 4898
723 1 4900 4899 4901
724 1 4903 4902 4904
725 1 4906 4905 4907
726 1 4909 4908 4910
727 1 4912 4911 4913
728 1 4915 4914 4916
729 1 4918 4917 4919
730 1 4921 4920 4922
731 1 4924 4923 4925
732 1 4927 4926 4928
733 1 4930 4929 4931
734 1 4933 4932 4934
735 1 4936 4935 4937
736 1 4939 4938 4940
737 1 4942 4941 4943
738 1 4945 4944 4946
739 1 4948 4947 4949
740 1 4951 4950 4952
741 1 4954 4953 4955
742 1 4957 4956 4958
743 1 4960 4959 4961
744 1 4963 4962 4964
745 1 4966 4965 4967
746 1 4969 4968 4970
747 1 4972 4971 4973
748 1 4975 4974 4976
749 1 4978 4977 4979
750 1 4981 4980 4982
751 1 4984 4983 4985
752 1 4987 4986 4988
753 1 4990 4989 4991
754 1 4993 4992 4994
755 1 4996 4995 4997
756 1 4999 4998 5000
757 1 5002 5001 5003
758 1 5005 5004 5006
759 1 5008 5007 5009
760 1 5011 5010 5012
761 1 5014 5013 5015
762 1 5017 5016 5018
763 1 5020 5019 5021
764 1 5023 5022 5024
765 1 5026 5025 5027
766 1 5029 5028 5030
767 1 5032 5031 5033
768 1 5035 5034 5036
769 1 5038 5037 5039
770 1 5041 5040 5042
771 1 5044 5043 5045
772 1 5047 5046 5048
773 1 5050 5049 5051
774 1 5053 5052 5054
775 1 5056 5055 5057
776 1 5059 5058 5060
777 1 5062 5061 5063
778 1 5065 5064 5066
779 1 5068 5067 5069
780 1 5071 5070 5072
781 1 5074 5073 5075
782 1 5077 5076 5078
783 1 5080 5079 5081
784 1 5083 5082 5084
785 1 5086 5085 5087
786 1 5089 5088 5090
787 1 5092 5091 5093
788 1 5095 5094 5096
789 1 5098 5097 5099
790 1 5101 5100 5102
791 1 5104 5103 5105
792 1 5107 5106 5108
793 1 5110 5109 5111
794 1 5113 5112 5114
795 1 5116 5115 5117
796 1 5119 5118 5120
797 1 5122 5121 5123
798 1 5125 5124 5126
799 1 5128 5127 5129
800 1 5131 5130 5132
801 1 5134 5133 5135
802 1 5137 5136 5138
803 1 5140 5139 5141
804 1 5143 5142 5144
805 1 5146 5145 5147
806 1 5149 5148 5150
807 1 5152 5151 5153
808 1 5155 5154 5156
809 1 5158 5157 5159
810 1 5161 5160 5162
811 1 5164 5163 5165
812 1 5167 5166 5168
813 1 5170 5169 5171
814 1 5173 5172 5174
815 1 5176 5175 5177
816 1 5179 5178 5180
817 1 5182 5181 5183
818 1 5185 5184 5186
819 1 5188 5187 5189
820 1 5191 5190 5192
821 1 5194 5193 5195
822 1 5197 5196 5198
823 1 5200 5199 5201
824 1 5203 5202 5204
825 1 5206 5205 5207
826 1 5209 5208 5210
827 1 5212 5211 5213
828 1 5215 5214 5216
829 1 5218 5217 5219
830 1 5221 5220 5222
831 1 5224 5223 5225
832 1 5227 5226 5228
833 1 5230 5229 5231
834 1 5233 5232 5234
835 1 5236 5235 5237
836 1 5239 5238 5240
837 1 5242 5241 5243
838 1 5245 5244 5246
839 1 5248 5247 5249
840 1 5251 5250 5252
841 1 5254 5253 5255
842 1 5257 5256 5258
843 1 5260 5259 5261
844 1 5263 5262 5264
845 1 5266 5265 5267
846 1 5269 5268 5270
847 1 5272 5271 5273
848 1 5275 5274 5276
849 1 5278 5277 5279
850 1 5281 5280 5282
851 1 5284 5283 5285
852 1 5287 5286 5288
853 1 5290 5289 5291
854 1 5293 5292 5294
855 1 5296 5295 5297
856 1 5299 5298 5300
857 1 5302 5301 5303
858 1 5305 5304 5306
859 1 5308 5307 5309
860 1 5311 5310 5312
861 1 5314 5313 5315
862 1 5317 5316 5318
863 1 5320 5319 5321
864 1 5323 5322 5324
865 1 5326 5325 5327
866 1 5329 5328 5330
867 1 5332 5331 5333
868 1 5335 5334 5336
869 1 5338 5337 5339
870 1 5341 5340 5342
871 1 5344 5343 5345
872 1 5347 5346 5348
873 1 5350 5349 5351
874 1 5353 5352 5354
875 1 5356 5355 5357
876 1 5359 5358 5360
877 1 5362 5361 5363
878 1 5365 5364 5366
879 1 5368 5367 5369
880 1 5371 5370 5372
881 1 5374 5373 5375
882 1 5377 5376 5378
883 1 5380 5379 5381
884 1 5383 5382 5384
885 1 5386 5385 5387
886 1 5389 5388 5390
887 1 5392 5391 5393
888 1 5395 5394 5396
889 1 5398 5397 5399
890 1 5401 5400 5402
891 1 5404 5403 5405
892 1 5407 5406 5408
893 1 5410 5409 5411
894 1 5413 5412 5414
895 1 5416 5415 5417
896 1 5419 5418 5420
897 1 5422 5421 5423
898 1 5425 5424 5426
899 1 5428 5427 5429
900 1 5431 5430 5432
901 1 5434 5433 5435
902 1 5437 5436 5438
903 1 5440 5439 5441
904 1 5443 5442 5444
905 1 5446 5445 5447
906 1 5449 5448 5450
907 1 5452 5451 5453
908 1 5455 5454 5456
909 1 5458 5457 5459
910 1 5461 5460 5462
911 1 5464 5463 5465
912 1 5467 5466 5468
913 1 5470 5469 5471
914 1 5473 5472 5474
915 1 5476 5475 5477
916 1 5479 5478 5480
917 1 5482 5481 5483
918 1 5485 5484 5486
919 1 5488 5487 5489
920 1 5491 5490 5492
921 1 5494 5493 5495
922 1 5497 5496 5498
923 1 5500 5499 5501
924 1 5503 5502 5504
925 1 5506 5505 5507
926 1 5509 5508 5510
927 1 5512 5511 5513
928 1 5515 5514 5516
929 1 5518 5517 5519
930 1 5521 5520 5522
931 1 5524 5523 5525
932 1 5527 5526 5528
933 1 5530 5529 5531
934 1 5533 5532 5534
935 1 5536 5535 5537
936 1 5539 5538 5540
937 1 5542 5541 5543
938 1 5545 5544 5546
939 1 5548 5547 5549
940 1 5551 5550 5552
941 1 5554 5553 5555
942 1 5557 5556 5558
943 1 5560 5559 5561
944 1 5563 5562 5564
945 1 5566 5565 5567
946 1 5569 5568 5570
947 1 5572 5571 5573
948 1 5575 5574 5576
949 1 5578 5577 5579
950 1 5581 5580 5582
951 1 5584 5583 5585
952 1 5587 5586 5588
953 1 5590 5589 5591
954 1 5593 5592 5594
955 1 5596 5595 5597
956 1 5599 5598 5600
957 1 5602 5601 5603
958 1 5605 5604 5606
959 1 5608 5607 5609
960 1 5611 5610 5612
961 1 5614 5613 5615
962 1 5617 5616 5618
963 1 5620 5619 5621
964 1 5623 5622 5624
965 1 5626 5625 5627
966 1 5629 5628 5630
967 1 5632 5631 5633
968 1 5635 5634 5636
969 1 5638 5637 5639
970 1 5641 5640 5642
971 1 5644 5643 5645
972 1 5647 5646 5648
973 1 5650 5649 5651
974 1 5653 5652 5654
975 1 5656 5655 5657
976 1 5659 5658 5660
977 1 5662 5661 5663
978 1 5665 5664 5666
979 1 5668 5667 5669
980 1 5671 5670 5672
981 1 5674 5673 5675
982 1 5677 5676 5678
983 1 5680 5679 5681
984 1 5683 5682 5684
985 1 5686 5685 5687
986 1 5689 5688 5690
987 1 5692 5691 5693
988 1 5695 5694 5696
989 1 5698 5697 5699
990 1 5701 5700 5702
991 1 5704 5703 5705
992 1 5707 5706 5708
993 1 5710 5709 5711
994 1 5713 5712 5714
995 1 5716 5715 5717
996 1 5719 5718 5720
997 1 5722 5721 5723
998 1 5725 5724 5726
999 1 5728 5727 5729
1000 1 5731 5730 5732
1001 1 5734 5733 5735
1002 1 5737 5736 5738
1003 1 5740 5739 5741
1004 1 5743 5742 5744
1005 1 5746 5745 5747
1006 1 5749 5748 5750
1007 1 5752 5751 5753
1008 1 5755 5754 5756
1009 1 5758 5757 5759
1010 1 5761 5760 5762
1011 1 5764 5763 5765
1012 1 5767 5766 5768
1013 1 5770 5769 5771
1014 1 5773 5772 5774
1015 1 5776 5775 5777
1016 1 5779 5778 5780
1017 1 5782 5781 5783
1018 1 5785 5784 5786
1019 1 5788 5787 5789
1020 1 5791 5790 5792
1021 1 5794 5793 5795
1022 1 5797 5796 5798
1023 1 5800 5799 5801
1024 1 5803 5802 5804
1025 1 5806 5805 5807
1026 1 5809 5808 5810
1027 1 5812 5811 5813
1028 1 5815 5814 5816
1029 1 5818 5817 5819
1030 1 5821 5820 5822
1031 1 5824 5823 5825
1032 1 5827 5826 5828
1033 1 5830 5829 5831
1034 1 5833 5832 5834
1035 1 5836 5835 5837
1036 1 5839 5838 5840
1037 1 5842 5841 5843
1038 1 5845 5844 5846
1039 1 5848 5847 5849
1040 1 5851 5850 5852
1041 1 5854 5853 5855
1042 1 5857 5856 5858
1043 1 5860 5859 5861
1044 1 5863 5862 5864
1045 1 5866 5865 5867
1046 1 5869 5868 5870
1047 1 5872 5871 5873
1048 1 5875 5874 5876
1049 1 5878 5877 5879
1050 1 5881 5880 5882
1051 1 5884 5883 5885
1052 1 5887 5886 5888
1053 1 5890 5889 5891
1054 1 5893 5892 5894
1055 1 5896 5895 5897
1056 1 5899 5898 5900
1057 1 5902 5901 5903
1058 1 5905 5904 5906
1059 1 5908 5907 5909
1060 1 5911 5910 5912
1061 1 5914 5913 5915
1062 1 5917 5916 5918
1063 1 5920 5919 5921
1064 1 5923 5922 5924
1065 1 5926 5925 5927
1066 1 5929 5928 5930
1067 1 5932 5931 5933
1068 1 5935 5934 5936
1069 1 5938 5937 5939
1070 1 5941 5940 5942
1071 1 5944 5943 5945
1072 1 5947 5946 5948
1073 1 5950 5949 5951
1074 1 5953 5952 5954
1075 1 5956 5955 5957
1076 1 5959 5958 5960
1077 1 5962 5961 5963
1078 1 5965 5964 5966
1079 1 5968 5967 5969
1080 1 5971 5970 5972
1081 1 5974 5973 5975
1082 1 5977 5976 5978
1083 1 5980 5979 5981
1084 1 5983 5982 5984
1085 1 5986 5985 5987
1086 1 5989 5988 5990
1087 1 5992 5991 5993
1088 1 5995 5994 5996
1089 1 5998 5997 5999
1090 1 6001 6000 6002
1091 1 6004 6003 6005
1092 1 6007 6006 6008
1093 1 6010 6009 6011
1094 1 6013 6012 6014
1095 1 6016 6015 6017
1096 1 6019 6018 6020
1097 1 6022 6021 6023
1098 1 6025 6024 6026
1099 1 6028 6027 6029
1100 1 6031 6030 6032
1101 1 6034 6033 6035
1102 1 6037 6036 6038
1103 1 6040 6039 6041
1104 1 6043 6042 6044
1105 1 6046 6045 6047
1106 1 6049 6048 6050
1107 1 6052 6051 6053
1108 1 6055 6054 6056
1109 1 6058 6057 6059
1110 1 6061 6060 6062
1111 1 6064 6063 6065
1112 1 6067 6066 6068
1113 1 6070 6069 6071
1114 1 6073 6072 6074
1115 1 6076 6075 6077
1116 1 6079 6078 6080
1117 1 6082 6081 6083
1118 1 6085 6084 6086
1119 1 6088 6087 6089
1120 1 6091 6090 6092
1121 1 6094 6093 6095
1122 1 6097 6096 6098
1123 1 6100 6099 6101
1124 1 6103 6102 6104
1125 1 6106 6105 6107
1126 1 6109 6108 6110
1127 1 6112 6111 6113
1128 1 6115 6114 6116
1129 1 6118 6117 6119
1130 1 6121 6120 6122
1131 1 6124 6123 6125
1132 1 6127 6126 6128
1133 1 6130 6129 6131
1134 1 6133 6132 6134
1135 1 6136 6135 6137
1136 1 6139 6138 6140
1137 1 6142 6141 6143
1138 1 6145 6144 6146
1139 1 6148 6147 6149
1140 1 6151 6150 6152
1141 1 6154 6153 6155
1142 1 6157 6156 6158
1143 1 6160 6159 6161
1144 1 6163 6162 6164
1145 1 6166 6165 6167
1146 1 6169 6168 6170
1147 1 6172 6171 6173
1148 1 6175 6174 6176
1149 1 6178 6177 6179
1150 1 6181 6180 6182
1151 1 6184 6183 6185
1152 1 6187 6186 6188
1153 1 6190 6189 6191
1154 1 6193 6192 6194
1155 1 6196 6195 6197
1156 1 6199 6198 6200
1157 1 6202 6201 6203
1158 1 6205 6204 6206
1159 1 6208 6207 6209
1160 1 6211 6210 6212
1161 1 6214 6213 6215
1162 1 6217 6216 6218
1163 1 6220 6219 6221
1164 1 6223 6222 6224
1165 1 6226 6225 6227
1166 1 6229 6228 6230
1167 1 6232 6231 6233
1168 1 6235 6234 6236
1169 1 6238 6237 6239
1170 1 6241 6240 6242
1171 1 6244 6243 6245
1172 1 6247 6246 6248
1173 1 6250 6249 6251
1174 1 6253 6252 6254
1175 1 6256 6255 6257
1176 1 6259 6258 6260
1177 1 6262 6261 6263
1178 1 6265 6264 6266
1179 1 6268 6267 6269
1180 1 6271 6270 6272
1181 1 6274 6273 6275
1182 1 6277 6276 6278
1183 1 6280 6279 6281
1184 1 6283 6282 6284
1185 1 6286 6285 6287
1186 1 6289 6288 6290
1187 1 6292 6291 6293
1188 1 6295 6294 6296
1189 1 6298 6297 6299
1190 1 6301 6300 6302
1191 1 6304 6303 6305
1192 1 6307 6306 6308
1193 1 6310 6309 6311
1194 1 6313 6312 6314
1195 1 6316 6315 6317
1196 1 6319 6318 6320
1197 1 6322 6321 6323
1198 1 6325 6324 6326
1199 1 6328 6327 6329
1200 1 6331 6330 6332
1201 1 6334 6333 6335
1202 1 6337 6336 6338
1203 1 6340 6339 6341
1204 1 6343 6342 6344
1205 1 6346 6345 6347
1206 1 6349 6348 6350
1207 1 6352 6351 6353
1208 1 6355 6354 6356
1209 1 6358 6357 6359
1210 1 6361 6360 6362
1211 1 6364 6363 6365
1212 1 6367 6366 6368
1213 1 6370 6369 6371
1214 1 6373 6372 6374
1215 1 6376 6375 6377
1216 1 6379 6378 6380
1217 1 6382 6381 6383
1218 1 6385 6384 6386
1219 1 6388 6387 6389
1220 1 6391 6390 6392
1221 1 6394 6393 6395
1222 1 6397 6396 6398
1223 1 6400 6399 6401
1224 1 6403 6402 6404
1225 1 6406 6405 6407
1226 1 6409 6408 6410
1227 1 6412 6411 6413
1228 1 6415 6414 6416
1229 1 6418 6417 6419
1230 1 6421 6420 6422
1231 1 6424 6423 6425
1232 1 6427 6426 6428
1233 1 6430 6429 6431
1234 1 6433 6432 6434
1235 1 6436 6435 6437
1236 1 6439 6438 6440
1237 1 6442 6441 6443
1238 1 6445 6444 6446
1239 1 6448 6447 6449
1240 1 6451 6450 6452
1241 1 6454 6453 6455
1242 1 6457 6456 6458
1243 1 6460 6459 6461
1244 1 6463 6462 6464
1245 1 6466 6465 6467
1246 1 6469 6468 6470
1247 1 6472 6471 6473
1248 1 6475 6474 6476
1249 1 6478 6477 6479
1250 1 6481 6480 6482
1251 1 6484 6483 6485
1252 1 6487 6486 6488
1253 1 6490 6489 6491
1254 1 6493 6492 6494
1255 1 6496 6495 6497
1256 1 6499 6498 6500
1257 1 6502 6501 6503
1258 1 6505 6504 6506
1259 1 6508 6507 6509
1260 1 6511 6510 6512
1261 1 6514 6513 6515
1262 1 6517 6516 6518
1263 1 6520 6519 6521
1264 1 6523 6522 6524
1265 1 6526 6525 6527
1266 1 6529 6528 6530
1267 1 6532 6531 6533
1268 1 6535 6534 6536
1269 1 6538 6537 6539
1270 1 6541 6540 6542
1271 1 6544 6543 6545
1272 1 6547 6546 6548
1273 1 6550 6549 6551
1274 1 6553 6552 6554
1275 1 6556 6555 6557
1276 1 6559 6558 6560
1277 1 6562 6561 6563
1278 1 6565 6564 6566
1279 1 6568 6567 6569
1280 1 6571 6570 6572
1281 1 6574 6573 6575
1282 1 6577 6576 6578
1283 1 6580 6579 6581
1284 1 6583 6582 6584
1285 1 6586 6585 6587
1286 1 6589 6588 6590
1287 1 6592 6591 6593
1288 1 6595 6594 6596
1289 1 6598 6597 6599
1290 1 6601 6600 6602
1291 1 6604 6603 6605
1292 1 6607 6606 6608
1293 1 6610 6609 6611
1294 1 6613 6612 6614
1295 1 6616 6615 6617
1296 1 6619 6618 6620
1297 1 6622 6621 6623
1298 1 6625 6624 6626
1299 1 6628 6627 6629
1300 1 6631 6630 6632
1301 1 6634 6633 6635
1302 1 6637 6636 6638
1303 1 6640 6639 6641
1304 1 6643 6642 6644
1305 1 6646 6645 6647
1306 1 6649 6648 6650
1307 1 6652 6651 6653
1308 1 6655 6654 6656
1309 1 6658 6657 6659
1310 1 6661 6660 6662
1311 1 6664 6663 6665
1312 1 6667 6666 6668
1313 1 6670 6669 6671
1314 1 6673 6672 6674
1315 1 6676 6675 6677
1316 1 6679 6678 6680
1317 1 6682 6681 6683
1318 1 6685 6684 6686
1319 1 6688 6687 6689
1320 1 6691 6690 6692
1321 1 6694 6693 6695
1322 1 6697 6696 6698
1323 1 6700 6699 6701
1324 1 6703 6702 6704
1325 1 6706 6705 6707
1326 1 6709 6708 6710
1327 1 6712 6711 6713
1328 1 6715 6714 6716
1329 1 6718 6717 6719
1330 1 6721 6720 6722
1331 1 6724 6723 6725
1332 1 6727 6726 6728
1333 1 6730 6729 6731
1334 1 6733 6732 6734
1335 1 6736 6735 6737
1336 1 6739 6738 6740
1337 1 6742 6741 6743
1338 1 6745 6744 6746
1339 1 6748 6747 6749
1340 1 6751 6750 6752
1341 1 6754 6753 6755
1342 1 6757 6756 6758
1343 1 6760 6759 6761
1344 1 6763 6762 6764
1345 1 6766 6765 6767
1346 1 6769 6768 6770
1347 1 6772 6771 6773
1348 1 6775 6774 6776
1349 1 6778 6777 6779
1350 1 6781 6780 6782
1351 1 6784 6783 6785
1352 1 6787 6786 6788
1353 1 6790 6789 6791
1354 1 6793 6792 6794
1355 1 6796 6795 6797
1356 1 6799 6798 6800
1357 1 6802 6801 6803
1358 1 6805 6804 6806
1359 1 6808 6807 6809
1360 1 6811 6810 6812
1361 1 6814 6813 6815
1362 1 6817 6816 6818
1363 1 6820 6819 6821
1364 1 6823 6822 6824
1365 1 6826 6825 6827
1366 1 6829 6828 6830
1367 1 6832 6831 6833
1368 1 6835 6834 6836
1369 1 6838 6837 6839
1370 1 6841 6840 6842
1371 1 6844 6843 6845
1372 1 6847 6846 6848
1373 1 6850 6849 6851
1374 1 6853 6852 6854
1375 1 6856 6855 6857
1376 1 6859 6858 6860
1377 1 6862 6861 6863
1378 1 6865 6864 6866
1379 1 6868 6867 6869
1380 1 6871 6870 6872
1381 1 6874 6873 6875
1382 1 6877 6876 6878
1383 1 6880 6879 6881
1384 1 6883 6882 6884
1385 1 6886 6885 6887
1386 1 6889 6888 6890
1387 1 6892 6891 6893
1388 1 6895 6894 6896
1389 1 6898 6897 6899
1390 1 6901 6900 6902
1391 1 6904 6903 6905
1392 1 6907 6906 6908
1393 1 6910 6909 6911
1394 1 6913 6912 6914
1395 1 6916 6915 6917
1396 1 6919 6918 6920
1397 1 6922 6921 6923
1398 1 6925 6924 6926
1399 1 6928 6927 6929
1400 1 6931 6930 6932
1401 1 6934 6933 6935
1402 1 6937 6936 6938
1403 1 6940 6939 6941
1404 1 6943 6942 6944
1405 1 6946 6945 6947
1406 1 6949 6948 6950
1407 1 6952 6951 6953
1408 1 6955 6954 6956
1409 1 6958 6957 6959
1410 1 6961 6960 6962
1411 1 6964 6963 6965
1412 1 6967 6966 6968
1413 1 6970 6969 6971
1414 1 6973 6972 6974
1415 1 6976 6975 6977
1416 1 6979 6978 6980
1417 1 6982 6981 6983
1418 1 6985 6984 6986
1419 1 6988 6987 6989
1420 1 6991 6990 6992
1421 1 6994 6993 6995
1422 1 6997 6996 6998
1423 1 7000 6999 7001
1424 1 7003 7002 7004
1425 1 7006 7005 7007
1426 1 7009 7008 7010
1427 1 7012 7011 7013
1428 1 7015 7014 7016
1429 1 7018 7017 7019
1430 1 7021 7020 7022
1431 1 7024 7023 7025
1432 1 7027 7026 7028
1433 1 7030 7029 7031
1434 1 7033 7032 7034
1435 1 7036 7035 7037
1436 1 7039 7038 7040
1437 1 7042 7041 7043
1438 1 7045 7044 7046
1439 1 7048 7047 7049
1440 1 7051 7050 7052
1441 1 7054 7053 7055
1442 1 7057 7056 7058
1443 1 7060 7059 7061
1444 1 7063 7062 7064
1445 1 7066 7065 7067
1446 1 7069 7068 7070
1447 1 7072 7071 7073
1448 1 7075 7074 7076
1449 1 7078 7077 7079
1450 1 7081 7080 7082
1451 1 7084 7083 7085
1452 1 7087 7086 7088
1453 1 7090 7089 7091
1454 1 7093 7092 7094
1455 1 7096 7095 7097
1456 1 7099 7098 7100
1457 1 7102 7101 7103
1458 1 7105 7104 7106
1459 1 7108 7107 7109
1460 1 7111 7110 7112
1461 1 7114 7113 7115
1462 1 7117 7116 7118
1463 1 7120 7119 7121
1464 1 7123 7122 7124
1465 1 7126 7125 7127
1466 1 7129 7128 7130
1467 1 7132 7131 7133
1468 1 7135 7134 7136
1469 1 7138 7137 7139
1470 1 7141 7140 7142
1471 1 7144 7143 7145
1472 1 7147 7146 7148
1473 1 7150 7149 7151
1474 1 7153 7152 7154
1475 1 7156 7155 7157
1476 1 7159 7158 7160
1477 1 7162 7161 7163
1478 1 7165 7164 7166
1479 1 7168 7167 7169
1480 1 7171 7170 7172
1481 1 7174 7173 7175
1482 1 7177 7176 7178
1483 1 7180 7179 7181
1484 1 7183 7182 7184
1485 1 7186 7185 7187
1486 1 7189 7188 7190
1487 1 7192 7191 7193
1488 1 7195 7194 7196
1489 1 7198 7197 7199
1490 1 7201 7200 7202
1491 1 7204 7203 7205
1492 1 7207 7206 7208
1493 1 7210 7209 7211
1494 1 7213 7212 7214
1495 1 7216 7215 7217
1496 1 7219 7218 7220
1497 1 7222 7221 7223
1498 1 7225 7224 7226
1499 1 7228 7227 7229
1500 1 7231 7230 7232
1501 1 7234 7233 7235
1502 1 7237 7236 7238
1503 1 7240 7239 7241
1504 1 7243 7242 7244
1505 1 7246 7245 7247
1506 1 7249 7248 7250
1507 1 7252 7251 7253
1508 1 7255 7254 7256
1509 1 7258 7257 7259
1510 1 7261 7260 7262
1511 1 7264 7263 7265
1512 1 7267 7266 7268
1513 1 7270 7269 7271
1514 1 7273 7272 7274
1515 1 7276 7275 7277
1516 1 7279 7278 7280
1517 1 7282 7281 7283
1518 1 7285 7284 7286
1519 1 7288 7287 7289
1520 1 7291 7290 7292
1521 1 7294 7293 7295
1522 1 7297 7296 7298
1523 1 7300 7299 7301
1524 1 7303 7302 7304
1525 1 7306 7305 7307
1526 1 7309 7308 7310
1527 1 7312 7311 7313
1528 1 7315 7314 7316
1529 1 7318 7317 7319
1530 1 7321 7320 7322
1531 1 7324 7323 7325
1532 1 7327 7326 7328
1533 1 7330 7329 7331
1534 1 7333 7332 7334
1535 1 7336 7335 7337
1536 1 7339 7338 7340
1537 1 7342 7341 7343
1538 1 7345 7344 7346
1539 1 7348 7347 7349
1540 1 7351 7350 7352
1541 1 7354 7353 7355
1542 1 7357 7356 7358
1543 1 7360 7359 7361
1544 1 7363 7362 7364
1545 1 7366 7365 7367
1546 1 7369 7368 7370
1547 1 7372 7371 7373
1548 1 7375 7374 7376
1549 1 7378 7377 7379
1550 1 7381 7380 7382
1551 1 7384 7383 7385
1552 1 7387 7386 7388
1553 1 7390 7389 7391
1554 1 7393 7392 7394
1555 1 7396 7395 7397
1556 1 7399 7398 7400
1557 1 7402 7401 7403
1558 1 7405 7404 7406
1559 1 7408 7407 7409
1560 1 7411 7410 7412
1561 1 7414 7413 7415
1562 1 7417 7416 7418
1563 1 7420 7419 7421
1564 1 7423 7422 7424
1565 1 7426 7425 7427
1566 1 7429 7428 7430
1567 1 7432 7431 7433
1568 1 7435 7434 7436
1569 1 7438 7437 7439
1570 1 7441 7440 7442
1571 1 7444 7443 7445
1572 1 7447 7446 7448
1573 1 7450 7449 7451
1574 1 7453 7452 7454
1575 1 7456 7455 7457
1576 1 7459 7458 7460
1577 1 7462 7461 7463
1578 1 7465 7464 7466
1579 1 7468 7467 7469
1580 1 7471 7470 7472
1581 1 7474 7473 7475
1582 1 7477 7476 7478
1583 1 7480 7479 7481
1584 1 7483 7482 7484
1585 1 7486 7485 7487
1586 1 7489 7488 7490
1587 1 7492 7491 7493
1588 1 7495 7494 7496
1589 1 7498 7497 7499
1590 1 7501 7500 7502
1591 1 7504 7503 7505
1592 1 7507 7506 7508
1593 1 7510 7509 7511
1594 1 7513 7512 7514
1595 1 7516 7515 7517
1596 1 7519 7518 7520
1597 1 7522 7521 7523
1598 1 7525 7524 7526
1599 1 7528 7527 7529
1600 1 7531 7530 7532
1601 1 7534 7533 7535
1602 1 7537 7536 7538
1603 1 7540 7539 7541
1604 1 7543 7542 7544
1605 1 7546 7545 7547
1606 1 7549 7548 7550
1607 1 7552 7551 7553
1608 1 7555 7554 7556
1609 1 7558 7557 7559
1610 1 7561 7560 7562
1611 1 7564 7563 7565
1612 1 7567 7566 7568
1613 1 7570 7569 7571
1614 1 7573 7572 7574
1615 1 7576 7575 7577
1616 1 7579 7578 7580
1617 1 7582 7581 7583
1618 1 7585 7584 7586
1619 1 7588 7587 7589
1620 1 7591 7590 7592
1621 1 7594 7593 7595
1622 1 7597 7596 7598
1623 1 7600 7599 7601
1624 1 7603 7602 7604
1625 1 7606 7605 7607
1626 1 7609 7608 7610
1627 1 7612 7611 7613
1628 1 7615 7614 7616
1629 1 7618 7617 7619
1630 1 7621 7620 7622
1631 1 7624 7623 7625
1632 1 7627 7626 7628
1633 1 7630 7629 7631
1634 1 7633 7632 7634
1635 1 7636 7635 7637
1636 1 7639 7638 7640
1637 1 7642 7641 7643
1638 1 7645 7644 7646
1639 1 7648 7647 7649
1640 1 7651 7650 7652
1641 1 7654 7653 7655
1642 1 7657 7656 7658
1643 1 7660 7659 7661
1644 1 7663 7662 7664
1645 1 7666 7665 7667
1646 1 7669 7668 7670
1647 1 7672 7671 7673
1648 1 7675 7674 7676
1649 1 7678 7677 7679
1650 1 7681 7680 7682
1651 1 7684 7683 7685
1652 1 7687 7686 7688
1653 1 7690 7689 7691
1654 1 7693 7692 7694
1655 1 7696 7695 7697
1656 1 7699 7698 7700
1657 1 7702 7701 7703
1658 1 7705 7704 7706
1659 1 7708 7707 7709
1660 1 7711 7710 7712
1661 1 7714 7713 7715
1662 1 7717 7716 7718
1663 1 7720 7719 7721
1664 1 7723 7722 7724
1665 1 7726 7725 7727
1666 1 7729 7728 7730
1667 1 7732 7731 7733
1668 1 7735 7734 7736
1669 1 7738 7737 7739
1670 1 7741 7740 7742
1671 1 7744 7743 7745
1672 1 7747 7746 7748
1673 1 7750 7749 7751
1674 1 7753 7752 7754
1675 1 7756 7755 7757
1676 1 7759 7758 7760
1677 1 7762 7761 7763
1678 1 7765 7764 7766
1679 1 7768 7767 7769
1680 1 7771 7770 7772
1681 1 7774 7773 7775
1682 1 7777 7776 7778
1683 1 7780 7779 7781
1684 1 7783 7782 7784
1685 1 7786 7785 7787
1686 1 7789 7788 7790
1687 1 7792 7791 7793
1688 1 7795 7794 7796
1689 1 7798 7797 7799
1690 1 7801 7800 7802
1691 1 7804 7803 7805
1692 1 7807 7806 7808
1693 1 7810 7809 7811
1694 1 7813 7812 7814
1695 1 7816 7815 7817
1696 1 7819 7818 7820
1697 1 7822 7821 7823
1698 1 7825 7824 7826
1699 1 7828 7827 7829
1700 1 7831 7830 7832
1701 1 7834 7833 7835
1702 1 7837 7836 7838
1703 1 7840 7839 7841
1704 1 7843 7842 7844
1705 1 7846 7845 7847
1706 1 7849 7848 7850
1707 1 7852 7851 7853
1708 1 7855 7854 7856
1709 1 7858 7857 7859
1710 1 7861 7860 7862
1711 1 7864 7863 7865
1712 1 7867 7866 7868
1713 1 7870 7869 7871
1714 1 7873 7872 7874
1715 1 7876 7875 7877
1716 1 7879 7878 7880
1717 1 7882 7881 7883
1718 1 7885 7884 7886
1719 1 7888 7887 7889
1720 1 7891 7890 7892
1721 1 7894 7893 7895
1722 1 7897 7896 7898
1723 1 7900 7899 7901
1724 1 7903 7902 7904
1725 1 7906 7905 7907
1726 1 7909 7908 7910
1727 1 7912 7911 7913
1728 1 7915 7914 7916
1729 1 7918 7917 7919
1730 1 7921 7920 7922
1731 1 7924 7923 7925
1732 1 7927 7926 7928
1733 1 7930 7929 7931
1734 1 7933 7932 7934
1735 1 7936 7935 7937
1736 1 7939 7938 7940
1737 1 7942 7941 7943
1738 1 7945 7944 7946
1739 1 7948 7947 7949
1740 1 7951 7950 7952
1741 1 7954 7953 7955
1742 1 7957 7956 7958
1743 1 7960 7959 7961
1744 1 7963 7962 7964
1745 1 7966 7965 7967
1746 1 7969 7968 7970
1747 1 7972 7971 7973
1748 1 7975 7974 7976
1749 1 7978 7977 7979
1750 1 7981 7980 7982
1751 1 7984 7983 7985
1752 1 7987 7986 7988
1753 1 7990 7989 7991
1754 1 7993 7992 7994
1755 1 7996 7995 7997
1756 1 7999 7998 8000
1757 1 8002 8001 8003
1758 1 8005 8004 8006
1759 1 8008 8007 8009
1760 1 8011 8010 8012
1761 1 8014 8013 8015
1762 1 8017 8016 8018
1763 1 8020 8019 8021
1764 1 8023 8022 8024
1765 1 8026 8025 8027
1766 1 8029 8028 8030
1767 1 8032 8031 8033
1768 1 8035 8034 8036
1769 1 8038 8037 8039
1770 1 8041 8040 8042
1771 1 8044 8043 8045
1772 1 8047 8046 8048
1773 1 8050 8049 8051
1774 1 8053 8052 8054
1775 1 8056 8055 8057
1776 1 8059 8058 8060
1777 1 8062 8061 8063
1778 1 8065 8064 8066
1779 1 8068 8067 8069
1780 1 8071 8070 8072
1781 1 8074 8073 8075
1782 1 8077 8076 8078
1783 1 8080 8079 8081
1784 1 8083 8082 8084
1785 1 8086 8085 8087
1786 1 8089 8088 8090
1787 1 8092 8091 8093
1788 1 8095 8094 8096
1789 1 8098 8097 8099
1790 1 8101 8100 8102
1791 1 8104 8103 8105
1792 1 8107 8106 8108
1793 1 8110 8109 8111
1794 1 8113 8112 8114
1795 1 8116 8115 8117
1796 1 8119 8118 8120
1797 1 8122 8121 8123
1798 1 8125 8124 8126
1799 1 8128 8127 8129
1800 1 8131 8130 8132
1801 1 8134 8133 8135
1802 1 8137 8136 8138
1803 1 8140 8139 8141
1804 1 8143 8142 8144
1805 1 8146 8145 8147
1806 1 8149 8148 8150
1807 1 8152 8151 8153
1808 1 8155 8154 8156
1809 1 8158 8157 8159
1810 1 8161 8160 8162
1811 1 8164 8163 8165
1812 1 8167 8166 8168
1813 1 8170 8169 8171
1814 1 8173 8172 8174
1815 1 8176 8175 8177
1816 1 8179 8178 8180
1817 1 8182 8181 8183
1818 1 8185 8184 8186
1819 1 8188 8187 8189
1820 1 8191 8190 8192
1821 1 8194 8193 8195
1822 1 8197 8196 8198
1823 1 8200 8199 8201
1824 1 8203 8202 8204
1825 1 8206 8205 8207
1826 1 8209 8208 8210
1827 1 8212 8211 8213
1828 1 8215 8214 8216
1829 1 8218 8217 8219
1830 1 8221 8220 8222
1831 1 8224 8223 8225
1832 1 8227 8226 8228
1833 1 8230 8229 8231
1834 1 8233 8232 8234
1835 1 8236 8235 8237
1836 1 8239 8238 8240
1837 1 8242 8241 8243
1838 1 8245 8244 8246
1839 1 8248 8247 8249
1840 1 8251 8250 8252
1841 1 8254 8253 8255
1842 1 8257 8256 8258
1843 1 8260 8259 8261
1844 1 8263 8262 8264
1845 1 8266 8265 8267
1846 1 8269 8268 8270
1847 1 8272 8271 8273
1848 1 8275 8274 8276
1849 1 8278 8277 8279
1850 1 8281 8280 8282
1851 1 8284 8283 8285
1852 1 8287 8286 8288
1853 1 8290 8289 8291
1854 1 8293 8292 8294
1855 1 8296 8295 8297
1856 1 8299 8298 8300
1857 1 8302 8301 8303
1858 1 8305 8304 8306
1859 1 8308 8307 8309
1860 1 8311 8310 8312
1861 1 8314 8313 8315
1862 1 8317 8316 8318
1863 1 8320 8319 8321
1864 1 8323 8322 8324
1865 1 8326 8325 8327
1866 1 8329 8328 8330
1867 1 8332 8331 8333
1868 1 8335 8334 8336
1869 1 8338 8337 8339
1870 1 8341 8340 8342
1871 1 8344 8343 8345
1872 1 8347 8346 8348
1873 1 8350 8349 8351
1874 1 8353 8352 8354
1875 1 8356 8355 8357
1876 1 8359 8358 8360
1877 1 8362 8361 8363
1878 1 8365 8364 8366
1879 1 8368 8367 8369
1880 1 8371 8370 8372
1881 1 8374 8373 8375
1882 1 8377 8376 8378
1883 1 8380 8379 8381
1884 1 8383 8382 8384
1885 1 8386 8385 8387
1886 1 8389 8388 8390
1887 1 8392 8391 8393
1888 1 8395 8394 8396
1889 1 8398 8397 8399
1890 1 8401 8400 8402
1891 1 8404 8403 8405
1892 1 8407 8406 8408
1893 1 8410 8409 8411
1894 1 8413 8412 8414
1895 1 8416 8415 8417
1896 1 8419 8418 8420
1897 1 8422 8421 8423
1898 1 8425 8424 8426
1899 1 8428 8427 8429
1900 1 8431 8430 8432
1901 1 8434 8433 8435
1902 1 8437 8436 8438
1903 1 8440 8439 8441
1904 1 8443 8442 8444
1905 1 8446 8445 8447
1906 1 8449 8448 8450
1907 1 8452 8451 8453
1908 1 8455 8454 8456
1909 1 8458 8457 8459
1910 1 8461 8460 8462
1911 1 8464 8463 8465
1912 1 8467 8466 8468
1913 1 8470 8469 8471
1914 1 8473 8472 8474
1915 1 8476 8475 8477
1916 1 8479 8478 8480
1917 1 8482 8481 8483
1918 1 8485 8484 8486
1919 1 8488 8487 8489
1920 1 8491 8490 8492
1921 1 8494 8493 8495
1922 1 8497 8496 8498
1923 1 8500 8499 8501
1924 1 8503 8502 8504
1925 1 8506 8505 8507
1926 1 8509 8508 8510
1927 1 8512 8511 8513
1928 1 8515 8514 8516
1929 1 8518 8517 8519
1930 1 8521 8520 8522
1931 1 8524 8523 8525
1932 1 8527 8526 8528
1933 1 8530 8529 8531
1934 1 8533 8532 8534
1935 1 8536 8535 8537
1936 1 8539 8538 8540
1937 1 8542 8541 8543
1938 1 8545 8544 8546
1939 1 8548 8547 8549
1940 1 8551 8550 8552
1941 1 8554 8553 8555
1942 1 8557 8556 8558
1943 1 8560 8559 8561
1944 1 8563 8562 8564
1945 1 8566 8565 8567
1946 1 8569 8568 8570
1947 1 8572 8571 8573
1948 1 8575 8574 8576
1949 1 8578 8577 8579
1950 1 8581 8580 8582
1951 1 8584 8583 8585
1952 1 8587 8586 8588
1953 1 8590 8589 8591
1954 1 8593 8592 8594
1955 1 8596 8595 8597
1956 1 8599 8598 8600
1957 1 8602 8601 8603
1958 1 8605 8604 8606
1959 1 8608 8607 8609
1960 1 8611 8610 8612
1961 1 8614 8613 8615
1962 1 8617 8616 8618
1963 1 8620 8619 8621
1964 1 8623 8622 8624
1965 1 8626 8625 8627
1966 1 8629 8628 8630
1967 1 8632 8631 8633
1968 1 8635 8634 8636
1969 1 8638 8637 8639
1970 1 8641 8640 8642
1971 1 8644 8643 8645
1972 1 8647 8646 8648
1973 1 8650 8649 8651
1974 1 8653 8652 8654
1975 1 8656 8655 8657
1976 1 8659 8658 8660
1977 1 8662 8661 8663
1978 1 8665 8664 8666
1979 1 8668 8667 8669
1980 1 8671 8670 8672
1981 1 8674 8673 8675
1982 1 8677 8676 8678
1983 1 8680 8679 8681
1984 1 8683 8682 8684
1985 1 8686 8685 8687
1986 1 8689 8688 8690
1987 1 8692 8691 8693
1988 1 8695 8694 8696
1989 1 8698 8697 8699
1990 1 8701 8700 8702
1991 1 8704 8703 8705
1992 1 8707 8706 8708
1993 1 8710 8709 8711
1994 1 8713 8712 8714
1995 1 8716 8715 8717
1996 1 8719 8718 8720
1997 1 8722 8721 8723
1998 1 8725 8724 8726
1999 1 8728 8727 8729
2000 1 8731 8730 8732
2001 1 8734 8733 8735
2002 1 8737 8736 8738
2003 1 8740 8739 8741
2004 1 8743 8742 8744
2005 1 8746 8745 8747
2006 1 8749 8748 8750
2007 1 8752 8751 8753
2008 1 8755 8754 8756
2009 1 8758 8757 8759
2010 1 8761 8760 8762
2011 1 8764 8763 8765
2012 1 8767 8766 8768
2013 1 8770 8769 8771
2014 1 8773 8772 8774
2015 1 8776 8775 8777
2016 1 8779 8778 8780
2017 1 8782 8781 8783
2018 1 8785 8784 8786
2019 1 8788 8787 8789
2020 1 8791 8790 8792
2021 1 8794 8793 8795
2022 1 8797 8796 8798
2023 1 8800 8799 8801
2024 1 8803 8802 8804
2025 1 8806 8805 8807
2026 1 8809 8808 8810
2027 1 8812 8811 8813
2028 1 8815 8814 8816
2029 1 8818 8817 8819
2030 1 8821 8820 8822
2031 1 8824 8823 8825
2032 1 8827 8826 8828
2033 1 8830 8829 8831
2034 1 8833 8832 8834
2035 1 8836 8835 8837
2036 1 8839 8838 8840
2037 1 8842 8841 8843
2038 1 8845 8844 8846
2039 1 8848 8847 8849
2040 1 8851 8850 8852
2041 1 8854 8853 8855
2042 1 8857 8856 8858
2043 1 8860 8859 8861
2044 1 8863 8862 8864
2045 1 8866 8865 8867
2046 1 8869 8868 8870
2047 1 8872 8871 8873
2048 1 8875 8874 8876
2049 1 8878 8877 8879
2050 1 8881 8880 8882
2051 1 8884 8883 8885
2052 1 8887 8886 8888
2053 1 8890 8889 8891
2054 1 8893 8892 8894
2055 1 8896 8895 8897
2056 1 8899 8898 8900
2057 1 8902 8901 8903
2058 1 8905 8904 8906
2059 1 8908 8907 8909
2060 1 8911 8910 8912
2061 1 8914 8913 8915
2062 1 8917 8916 8918
2063 1 8920 8919 8921
2064 1 8923 8922 8924
2065 1 8926 8925 8927
2066 1 8929 8928 8930
2067 1 8932 8931 8933
2068 1 8935 8934 8936
2069 1 8938 8937 8939
2070 1 8941 8940 8942
2071 1 8944 8943 8945
2072 1 8947 8946 8948
2073 1 8950 8949 8951
2074 1 8953 8952 8954
2075 1 8956 8955 8957
2076 1 8959 8958 8960
2077 1 8962 8961 8963
2078 1 8965 8964 8966
2079 1 8968 8967 8969
2080 1 8971 8970 8972
2081 1 8974 8973 8975
2082 1 8977 8976 8978
2083 1 8980 8979 8981
2084 1 8983 8982 8984
2085 1 8986 8985 8987
2086 1 8989 8988 8990
2087 1 8992 8991 8993
2088 1 8995 8994 8996
2089 1 8998 8997 8999
2090 1 9001 9000 9002
2091 1 9004 9003 9005
2092 1 9007 9006 9008
2093 1 9010 9009 9011
2094 1 9013 9012 9014
2095 1 9016 9015 9017
2096 1 9019 9018 9020
2097 1 9022 9021 9023
2098 1 9025 9024 9026
2099 1 9028 9027 9029
2100 1 9031 9030 9032
2101 1 9034 9033 9035
2102 1 9037 9036 9038
2103 1 9040 9039 9041
2104 1 9043 9042 9044
2105 1 9046 9045 9047
2106 1 9049 9048 9050
2107 1 9052 9051 9053
2108 1 9055 9054 9056
2109 1 9058 9057 9059
2110 1 9061 9060 9062
2111 1 9064 9063 9065
2112 1 9067 9066 9068
2113 1 9070 9069 9071
2114 1 9073 9072 9074
2115 1 9076 9075 9077
2116 1 9079 9078 9080
2117 1 9082 9081 9083
2118 1 9085 9084 9086
2119 1 9088 9087 9089
2120 1 9091 9090 9092
2121 1 9094 9093 9095
2122 1 9097 9096 9098
2123 1 9100 9099 9101
2124 1 9103 9102 9104
2125 1 9106 9105 9107
2126 1 9109 9108 9110
2127 1 9112 9111 9113
2128 1 9115 9114 9116
2129 1 9118 9117 9119
2130 1 9121 9120 9122
2131 1 9124 9123 9125
2132 1 9127 9126 9128
2133 1 9130 9129 9131
2134 1 9133 9132 9134
2135 1 9136 9135 9137
2136 1 9139 9138 9140
2137 1 9142 9141 9143
2138 1 9145 9144 9146
2139 1 9148 9147 9149
2140 1 9151 9150 9152
2141 1 9154 9153 9155
2142 1 9157 9156 9158
2143 1 9160 9159 9161
2144 1 9163 9162 9164
2145 1 9166 9165 9167
2146 1 9169 9168 9170
2147 1 9172 9171 9173
2148 1 9175 9174 9176
2149 1 9178 9177 9179
2150 1 9181 9180 9182
2151 1 9184 9183 9185
2152 1 9187 9186 9188
2153 1 9190 9189 9191
2154 1 9193 9192 9194
2155 1 9196 9195 9197
2156 1 9199 9198 9200
2157 1 9202 9201 9203
2158 1 9205 9204 9206
2159 1 9208 9207 9209
2160 1 9211 9210 9212
2161 1 9214 9213 9215
2162 1 9217 9216 9218
2163 1 9220 9219 9221
2164 1 9223 9222 9224
2165 1 9226 9225 9227
2166 1 9229 9228 9230
2167 1 9232 9231 9233
2168 1 9235 9234 9236
2169 1 9238 9237 9239
2170 1 9241 9240 9242
2171 1 9244 9243 9245
2172 1 9247 9246 9248
2173 1 9250 9249 9251
2174 1 9253 9252 9254
2175 1 9256 9255 9257
2176 1 9259 9258 9260
2177 1 9262 9261 9263
2178 1 9265 9264 9266
2179 1 9268 9267 9269
2180 1 9271 9270 9272
2181 1 9274 9273 9275
2182 1 9277 9276 9278
2183 1 9280 9279 9281
2184 1 9283 9282 9284
2185 1 9286 9285 9287
2186 1 9289 9288 9290
2187 1 9292 9291 9293
2188 1 9295 9294 9296
2189 1 9298 9297 9299
2190 1 9301 9300 9302
2191 1 9304 9303 9305
2192 1 9307 9306 9308
2193 1 9310 9309 9311
2194 1 9313 9312 9314
2195 1 9316 9315 9317
2196 1 9319 9318 9320
2197 1 9322 9321 9323
2198 1 9325 9324 9326
2199 1 9328 9327 9329
2200 1 9331 9330 9332
2201 1 9334 9333 9335
2202 1 9337 9336 9338
2203 1 9340 9339 9341
2204 1 9343 9342 9344
2205 1 9346 9345 9347
2206 1 9349 9348 9350
2207 1 9352 9351 9353
2208 1 9355 9354 9356
2209 1 9358 9357 9359
2210 1 9361 9360 9362
2211 1 9364 9363 9365
2212 1 9367 9366 9368
2213 1 9370 9369 9371
2214 1 9373 9372 9374
2215 1 9376 9375 9377
2216 1 9379 9378 9380
2217 1 9382 9381 9383
2218 1 9385 9384 9386
2219 1 9388 9387 9389
2220 1 9391 9390 9392
2221 1 9394 9393 9395
2222 1 9397 9396 9398
2223 1 9400 9399 9401
2224 1 9403 9402 9404
2225 1 9406 9405 9407
2226 1 9409 9408 9410
2227 1 9412 9411 9413
2228 1 9415 9414 9416
2229 1 9418 9417 9419
2230 1 9421 9420 9422
2231 1 9424 9423 9425
2232 1 9427 9426 9428
2233 1 9430 9429 9431
2234 1 9433 9432 9434
2235 1 9436 9435 9437
2236 1 9439 9438 9440
2237 1 9442 9441 9443
2238 1 9445 9444 9446
2239 1 9448 9447 9449
2240 1 9451 9450 9452
2241 1 9454 9453 9455
2242 1 9457 9456 9458
2243 1 9460 9459 9461
2244 1 9463 9462 9464
2245 1 9466 9465 9467
2246 1 9469 9468 9470
2247 1 9472 9471 9473
2248 1 9475 9474 9476
2249 1 9478 9477 9479
2250 1 9481 9480 9482
2251 1 9484 9483 9485
2252 1 9487 9486 9488
2253 1 9490 9489 9491
2254 1 9493 9492 9494
2255 1 9496 9495 9497
2256 1 9499 9498 9500
2257 1 9502 9501 9503
2258 1 9505 9504 9506
2259 1 9508 9507 9509
2260 1 9511 9510 9512
2261 1 9514 9513 9515
2262 1 9517 9516 9518
2263 1 9520 9519 9521
2264 1 9523 9522 9524
2265 1 9526 9525 9527
2266 1 9529 9528 9530
2267 1 9532 9531 9533
2268 1 9535 9534 9536
2269 1 9538 9537 9539
2270 1 9541 9540 9542
2271 1 9544 9543 9545
2272 1 9547 9546 9548
2273 1 9550 9549 9551
2274 1 9553 9552 9554
2275 1 9556 9555 9557
2276 1 9559 9558 9560
2277 1 9562 9561 9563
2278 1 9565 9564 9566
2279 1 9568 9567 9569
2280 1 9571 9570 9572
2281 1 9574 9573 9575
2282 1 9577 9576 9578
2283 1 9580 9579 9581
2284 1 9583 9582 9584
2285 1 9586 9585 9587
2286 1 9589 9588 9590
2287 1 9592 9591 9593
2288 1 9595 9594 9596
2289 1 9598 9597 9599
2290 1 9601 9600 9602
2291 1 9604 9603 9605
2292 1 9607 9606 9608
2293 1 9610 9609 9611
2294 1 9613 9612 9614
2295 1 9616 9615 9617
2296 1 9619 9618 9620
2297 1 9622 9621 9623
2298 1 9625 9624 9626
2299 1 9628 9627 9629
2300 1 9631 9630 9632
2301 1 9634 9633 9635
2302 1 9637 9636 9638
2303 1 9640 9639 9641
2304 1 9643 9642 9644
2305 1 9646 9645 9647
2306 1 9649 9648 9650
2307 1 9652 9651 9653
2308 1 9655 9654 9656
2309 1 9658 9657 9659
2310 1 9661 9660 9662
2311 1 9664 9663 9665
2312 1 9667 9666 9668
2313 1 9670 9669 9671
2314 1 9673 9672 9674
2315 1 9676 9675 9677
2316 1 9679 9678 9680
2317 1 9682 9681 9683
2318 1 9685 9684 9686
2319 1 9688 9687 9689
2320 1 9691 9690 9692
2321 1 9694 9693 9695
2322 1 9697 9696 9698
2323 1 9700 9699 9701
2324 1 9703 9702 9704
2325 1 9706 9705 9707
2326 1 9709 9708 9710
2327 1 9712 9711 9713
2328 1 9715 9714 9716
2329 1 9718 9717 9719
2330 1 9721 9720 9722
2331 1 9724 9723 9725
2332 1 9727 9726 9728
2333 1 9730 9729 9731
2334 1 9733 9732 9734
2335 1 9736 9735 9737
2336 1 9739 9738 9740
2337 1 9742 9741 9743
2338 1 9745 9744 9746
2339 1 9748 9747 9749
2340 1 9751 9750 9752
2341 1 9754 9753 9755
2342 1 9757 9756 9758
2343 1 9760 9759 9761
2344 1 9763 9762 9764
2345 1 9766 9765 9767
2346 1 9769 9768 9770
2347 1 9772 9771 9773
2348 1 9775 9774 9776
2349 1 9778 9777 9779
2350 1 9781 9780 9782
2351 1 9784 9783 9785
2352 1 9787 9786 9788
2353 1 9790 9789 9791
2354 1 9793 9792 9794
2355 1 9796 9795 9797
2356 1 9799 9798 9800
2357 1 9802 9801 9803
2358 1 9805 9804 9806
2359 1 9808 9807 9809
2360 1 9811 9810 9812
2361 1 9814 9813 9815
2362 1 9817 9816 9818
2363 1 9820 9819 9821
2364 1 9823 9822 9824
2365 1 9826 9825 9827
2366 1 9829 9828 9830
2367 1 9832 9831 9833
2368 1 9835 9834 9836
2369 1 9838 9837 9839
2370 1 9841 9840 9842
2371 1 9844 9843 9845
2372 1 9847 9846 9848
2373 1 9850 9849 9851
2374 1 9853 9852 9854
2375 1 9856 9855 9857
2376 1 9859 9858 9860
2377 1 9862 9861 9863
2378 1 9865 9864 9866
2379 1 9868 9867 9869
2380 1 9871 9870 9872
2381 1 9874 9873 9875
2382 1 9877 9876 9878
2383 1 9880 9879 9881
2384 1 9883 9882 9884
2385 1 9886 9885 9887
2386 1 9889 9888 9890
2387 1 9892 9891 9893
2388 1 9895 9894 9896
2389 1 9898 9897 9899
2390 1 9901 9900 9902
2391 1 9904 9903 9905
2392 1 9907 9906 9908
2393 1 9910 9909 9911
2394 1 9913 9912 9914
2395 1 9916 9915 9917
2396 1 9919 9918 9920
2397 1 9922 9921 9923
2398 1 9925 9924 9926
2399 1 9928 9927 9929
2400 1 9931 9930 9932
2401 1 9934 9933 9935
2402 1 9937 9936 9938
2403 1 9940 9939 9941
2404 1 9943 9942 9944
2405 1 9946 9945 9947
2406 1 9949 9948 9950
2407 1 9952 9951 9953
2408 1 9955 9954 9956
2409 1 9958 9957 9959
2410 1 9961 9960 9962
2411 1 9964 9963 9965
2412 1 9967 9966 9968
2413 1 9970 9969 9971
2414 1 9973 9972 9974
2415 1 9976 9975 9977
2416 1 9979 9978 9980
2417 1 9982 9981 9983
2418 1 9985 9984 9986
2419 1 9988 9987 9989
2420 1 9991 9990 9992
2421 1 9994 9993 9995
2422 1 9997 9996 9998
2423 1 10000 9999 10001
2424 1 10003 10002 10004
2425 1 10006 10005 10007
2426 1 10009 10008 10010
2427 1 10012 10011 10013
2428 1 10015 10014 10016
2429 1 10018 10017 10019
2430 1 10021 10020 10022
2431 1 10024 10023 10025
2432 1 10027 10026 10028
2433 1 10030 10029 10031
2434 1 10033 10032 10034
2435 1 10036 10035 10037
2436 1 10039 10038 10040
2437 1 10042 10041 10043
2438 1 10045 10044 10046
2439 1 10048 10047 10049
2440 1 10051 10050 10052
2441 1 10054 10053 10055
2442 1 10057 10056 10058
2443 1 10060 10059 10061
2444 1 10063 10062 10064
2445 1 10066 10065 10067
2446 1 10069 10068 10070
2447 1 10072 10071 10073
2448 1 10075 10074 10076
2449 1 10078 10077 10079
2450 1 10081 10080 10082
2451 1 10084 10083 10085
2452 1 10087 10086 10088
2453 1 10090 10089 10091
2454 1 10093 10092 10094
2455 1 10096 10095 10097
2456 1 10099 10098 10100
2457 1 10102 10101 10103
2458 1 10105 10104 10106
2459 1 10108 10107 10109
2460 1 10111 10110 10112
2461 1 10114 10113 10115
2462 1 10117 10116 10118
2463 1 10120 10119 10121
2464 1 10123 10122 10124
2465 1 10126 10125 10127
2466 1 10129 10128 10130
2467 1 10132 10131 10133
2468 1 10135 10134 10136
2469 1 10138 10137 10139
2470 1 10141 10140 10142
2471 1 10144 10143 10145
2472 1 10147 10146 10148
2473 1 10150 10149 10151
2474 1 10153 10152 10154
2475 1 10156 10155 10157
2476 1 10159 10158 10160
2477 1 10162 10161 10163
2478 1 10165 10164 10166
2479 1 10168 10167 10169
2480 1 10171 10170 10172
2481 1 10174 10173 10175
2482 1 10177 10176 10178
2483 1 10180 10179 10181
2484 1 10183 10182 10184
2485 1 10186 10185 10187
2486 1 10189 10188 10190
2487 1 10192 10191 10193
2488 1 10195 10194 10196
2489 1 10198 10197 10199
2490 1 10201 10200 10202
2491 1 10204 10203 10205
2492 1 10207 10206 10208
2493 1 10210 10209 10211
2494 1 10213 10212 10214
2495 1 10216 10215 10217
2496 1 10219 10218 10220
2497 1 10222 10221 10223
2498 1 10225 10224 10226
2499 1 10228 10227 10229
2500 1 10231 10230 10232
2501 1 10234 10233 10235
2502 1 10237 10236 10238
2503 1 10240 10239 10241
2504 1 10243 10242 10244
2505 1 10246 10245 10247
2506 1 10249 10248 10250
2507 1 10252 10251 10253
2508 1 10255 10254 10256
2509 1 10258 10257 10259
2510 1 10261 10260 10262
2511 1 10264 10263 10265
2512 1 10267 10266 10268
2513 1 10270 10269 10271
2514 1 10273 10272 10274
2515 1 10276 10275 10277
2516 1 10279 10278 10280
2517 1 10282 10281 10283
2518 1 10285 10284 10286
2519 1 10288 10287 10289
2520 1 10291 10290 10292
2521 1 10294 10293 10295
2522 1 10297 10296 10298
2523 1 10300 10299 10301
2524 1 10303 10302 10304
2525 1 10306 10305 10307
2526 1 10309 10308 10310
2527 1 10312 10311 10313
2528 1 10315 10314 10316
2529 1 10318 10317 10319
2530 1 10321 10320 10322
2531 1 10324 10323 10325
2532 1 10327 10326 10328
2533 1 10330 10329 10331
2534 1 10333 10332 10334
2535 1 10336 10335 10337
2536 1 10339 10338 10340
2537 1 10342 10341 10343
2538 1 10345 10344 10346
2539 1 10348 10347 10349
2540 1 10351 10350 10352
2541 1 10354 10353 10355
2542 1 10357 10356 10358
2543 1 10360 10359 10361
2544 1 10363 10362 10364
2545 1 10366 10365 10367
2546 1 10369 10368 10370
2547 1 10372 10371 10373
2548 1 10375 10374 10376
2549 1 10378 10377 10379
2550 1 10381 10380 10382
2551 1 10384 10383 10385
2552 1 10387 10386 10388
2553 1 10390 10389 10391
2554 1 10393 10392 10394
2555 1 10396 10395 10397
2556 1 10399 10398 10400
2557 1 10402 10401 10403
2558 1 10405 10404 10406
2559 1 10408 10407 10409
2560 1 10411 10410 10412
2561 1 10414 10413 10415
2562 1 10417 10416 10418
2563 1 10420 10419 10421
2564 1 10423 10422 10424
2565 1 10426 10425 10427
2566 1 10429 10428 10430
2567 1 10432 10431 10433
2568 1 10435 10434 10436
2569 1 10438 10437 10439
2570 1 10441 10440 10442
2571 1 10444 10443 10445
2572 1 10447 10446 10448
2573 1 10450 10449 10451
2574 1 10453 10452 10454
2575 1 10456 10455 10457
2576 1 10459 10458 10460
2577 1 10462 10461 10463
2578 1 10465 10464 10466
2579 1 10468 10467 10469
2580 1 10471 10470 10472
2581 1 10474 10473 10475
2582 1 10477 10476 10478
2583 1 10480 10479 10481
2584 1 10483 10482 10484
2585 1 10486 10485 10487
2586 1 10489 10488 10490
2587 1 10492 10491 10493
2588 1 10495 10494 10496
2589 1 10498 10497 10499
2590 1 10501 10500 10502
2591 1 10504 10503 10505
2592 1 10507 10506 10508
2593 1 10510 10509 10511
2594 1 10513 10512 10514
2595 1 10516 10515 10517
2596 1 10519 10518 10520
2597 1 10522 10521 10523
2598 1 10525 10524 10526
2599 1 10528 10527 10529
2600 1 10531 10530 10532
2601 1 10534 10533 10535
2602 1 10537 10536 10538
2603 1 10540 10539 10541
2604 1 10543 10542 10544
2605 1 10546 10545 10547
2606 1 10549 10548 10550
2607 1 10552 10551 10553
2608 1 10555 10554 10556
2609 1 10558 10557 10559
2610 1 10561 10560 10562
2611 1 10564 10563 10565
2612 1 10567 10566 10568
2613 1 10570 10569 10571
2614 1 10573 10572 10574
2615 1 10576 10575 10577
2616 1 10579 10578 10580
2617 1 10582 10581 10583
2618 1 10585 10584 10586
2619 1 10588 10587 10589
2620 1 10591 10590 10592
2621 1 10594 10593 10595
2622 1 10597 10596 10598
2623 1 10600 10599 10601
2624 1 10603 10602 10604
2625 1 10606 10605 10607
2626 1 10609 10608 10610
2627 1 10612 10611 10613
2628 1 10615 10614 10616
2629 1 10618 10617 10619
2630 1 10621 10620 10622
2631 1 10624 10623 10625
2632 1 10627 10626 10628
2633 1 10630 10629 10631
2634 1 10633 10632 10634
2635 1 10636 10635 10637
2636 1 10639 10638 10640
2637 1 10642 10641 10643
2638 1 10645 10644 10646
2639 1 10648 10647 10649
2640 1 10651 10650 10652
2641 1 10654 10653 10655
2642 1 10657 10656 10658
2643 1 10660 10659 10661
2644 1 10663 10662 10664
2645 1 10666 10665 10667
2646 1 10669 10668 10670
2647 1 10672 10671 10673
2648 1 10675 10674 10676
2649 1 10678 10677 10679
2650 1 10681 10680 10682
2651 1 10684 10683 10685
2652 1 10687 10686 10688
2653 1 10690 10689 10691
2654 1 10693 10692 10694
2655 1 10696 10695 10697
2656 1 10699 10698 10700
2657 1 10702 10701 10703
2658 1 10705 10704 10706
2659 1 10708 10707 10709
2660 1 10711 10710 10712
2661 1 10714 10713 10715
2662 1 10717 10716 10718
2663 1 10720 10719 10721
2664 1 10723 10722 10724
2665 1 10726 10725 10727
2666 1 10729 10728 10730
2667 1 10732 10731 10733
2668 1 10735 10734 10736
2669 1 10738 10737 10739
2670 1 10741 10740 10742
2671 1 10744 10743 10745
2672 1 10747 10746 10748
2673 1 10750 10749 10751
2674 1 10753 10752 10754
2675 1 10756 10755 10757
2676 1 10759 10758 10760
2677 1 10762 10761 10763
2678 1 10765 10764 10766
2679 1 10768 10767 10769
2680 1 10771 10770 10772
2681 1 10774 10773 10775
2682 1 10777 10776 10778
2683 1 10780 10779 10781
2684 1 10783 10782 10784
2685 1 10786 10785 10787
2686 1 10789 10788 10790
2687 1 10792 10791 10793
2688 1 10795 10794 10796
2689 1 10798 10797 10799
2690 1 10801 10800 10802
2691 1 10804 10803 10805
2692 1 10807 10806 10808
2693 1 10810 10809 10811
2694 1 10813 10812 10814
2695 1 10816 10815 10817
2696 1 10819 10818 10820
2697 1 10822 10821 10823
2698 1 10825 10824 10826
2699 1 10828 10827 10829
2700 1 10831 10830 10832
2701 1 10834 10833 10835
2702 1 10837 10836 10838
2703 1 10840 10839 10841
2704 1 10843 10842 10844
2705 1 10846 10845 10847
2706 1 10849 10848 10850
2707 1 10852 10851 10853
2708 1 10855 10854 10856
2709 1 10858 10857 10859
2710 1 10861 10860 10862
2711 1 10864 10863 10865
2712 1 10867 10866 10868
2713 1 10870 10869 10871
2714 1 10873 10872 10874
2715 1 10876 10875 10877
2716 1 10879 10878 10880
2717 1 10882 10881 10883
2718 1 10885 10884 10886
2719 1 10888 10887 10889
2720 1 10891 10890 10892
2721 1 10894 10893 10895
2722 1 10897 10896 10898
2723 1 10900 10899 10901
2724 1 10903 10902 10904
2725 1 10906 10905 10907
2726 1 10909 10908 10910
2727 1 10912 10911 10913
2728 1 10915 10914 10916
2729 1 10918 10917 10919
2730 1 10921 10920 10922
2731 1 10924 10923 10925
2732 1 10927 10926 10928
2733 1 10930 10929 10931
2734 1 10933 10932 10934
2735 1 10936 10935 10937
2736 1 10939 10938 10940
2737 1 10942 10941 10943
2738 1 10945 10944 10946
2739 1 10948 10947 10949
2740 1 10951 10950 10952
2741 1 10954 10953 10955
2742 1 10957 10956 10958
2743 1 10960 10959 10961
2744 1 10963 10962 10964
2745 1 10966 10965 10967
2746 1 10969 10968 10970
2747 1 10972 10971 10973
2748 1 10975 10974 10976
2749 1 10978 10977 10979
2750 1 10981 10980 10982
2751 1 10984 10983 10985
2752 1 10987 10986 10988
2753 1 10990 10989 10991
2754 1 10993 10992 10994
2755 1 10996 10995 10997
2756 1 10999 10998 11000
2757 1 11002 11001 11003
2758 1 11005 11004 11006
2759 1 11008 11007 11009
2760 1 11011 11010 11012
2761 1 11014 11013 11015
2762 1 11017 11016 11018
2763 1 11020 11019 11021
2764 1 11023 11022 11024
2765 1 11026 11025 11027
2766 1 11029 11028 11030
2767 1 11032 11031 11033
2768 1 11035 11034 11036
2769 1 11038 11037 11039
2770 1 11041 11040 11042
2771 1 11044 11043 11045
2772 1 11047 11046 11048
2773 1 11050 11049 11051
2774 1 11053 11052 11054
2775 1 11056 11055 11057
2776 1 11059 11058 11060
2777 1 11062 11061 11063
2778 1 11065 11064 11066
2779 1 11068 11067 11069
2780 1 11071 11070 11072
2781 1 11074 11073 11075
2782 1 11077 11076 11078
2783 1 11080 11079 11081
2784 1 11083 11082 11084
2785 1 11086 11085 11087
2786 1 11089 11088 11090
2787 1 11092 11091 11093
2788 1 11095 11094 11096
2789 1 11098 11097 11099
2790 1 11101 11100 11102
2791 1 11104 11103 11105
2792 1 11107 11106 11108
2793 1 11110 11109 11111
2794 1 11113 11112 11114
2795 1 11116 11115 11117
2796 1 11119 11118 11120
2797 1 11122 11121 11123
2798 1 11125 11124 11126
2799 1 11128 11127 11129
2800 1 11131 11130 11132
2801 1 11134 11133 11135
2802 1 11137 11136 11138
2803 1 11140 11139 11141
2804 1 11143 11142 11144
2805 1 11146 11145 11147
2806 1 11149 11148 11150
2807 1 11152 11151 11153
2808 1 11155 11154 11156
2809 1 11158 11157 11159
2810 1 11161 11160 11162
2811 1 11164 11163 11165
2812 1 11167 11166 11168
2813 1 11170 11169 11171
2814 1 11173 11172 11174
2815 1 11176 11175 11177
2816 1 11179 11178 11180
2817 1 11182 11181 11183
2818 1 11185 11184 11186
2819 1 11188 11187 11189
2820 1 11191 11190 11192
2821 1 11194 11193 11195
2822 1 11197 11196 11198
2823 1 11200 11199 11201
2824 1 11203 11202 11204
2825 1 11206 11205 11207
2826 1 11209 11208 11210
2827 1 11212 11211 11213
2828 1 11215 11214 11216
2829 1 11218 11217 11219
2830 1 11221 11220 11222
2831 1 11224 11223 11225
2832 1 11227 11226 11228
2833 1 11230 11229 11231
2834 1 11233 11232 11234
2835 1 11236 11235 11237
2836 1 11239 11238 11240
2837 1 11242 11241 11243
2838 1 11245 11244 11246
2839 1 11248 11247 11249
2840 1 11251 11250 11252
2841 1 11254 11253 11255
2842 1 11257 11256 11258
2843 1 11260 11259 11261
2844 1 11263 11262 11264
2845 1 11266 11265 11267
2846 1 11269 11268 11270
2847 1 11272 11271 11273
2848 1 11275 11274 11276
2849 1 11278 11277 11279
2850 1 11281 11280 11282
2851 1 11284 11283 11285
2852 1 11287 11286 11288
2853 1 11290 11289 11291
2854 1 11293 11292 11294
2855 1 11296 11295 11297
2856 1 11299 11298 11300
2857 1 11302 11301 11303
2858 1 11305 11304 11306
2859 1 11308 11307 11309
2860 1 11311 11310 11312
2861 1 11314 11313 11315
2862 1 11317 11316 11318
2863 1 11320 11319 11321
2864 1 11323 11322 11324
2865 1 11326 11325 11327
2866 1 11329 11328 11330
2867 1 11332 11331 11333
2868 1 11335 11334 11336
2869 1 11338 11337 11339
2870 1 11341 11340 11342
2871 1 11344 11343 11345
2872 1 11347 11346 11348
2873 1 11350 11349 11351
2874 1 11353 11352 11354
2875 1 11356 11355 11357
2876 1 11359 11358 11360
2877 1 11362 11361 11363
2878 1 11365 11364 11366
2879 1 11368 11367 11369
2880 1 11371 11370 11372
2881 1 11374 11373 11375
2882 1 11377 11376 11378
2883 1 11380 11379 11381
2884 1 11383 11382 11384
2885 1 11386 11385 11387
2886 1 11389 11388 11390
2887 1 11392 11391 11393
2888 1 11395 11394 11396
2889 1 11398 11397 11399
2890 1 11401 11400 11402
2891 1 11404 11403 11405
2892 1 11407 11406 11408
2893 1 11410 11409 11411
2894 1 11413 11412 11414
2895 1 11416 11415 11417
2896 1 11419 11418 11420
2897 1 11422 11421 11423
2898 1 11425 11424 11426
2899 1 11428 11427 11429
2900 1 11431 11430 11432
2901 1 11434 11433 11435
2902 1 11437 11436 11438
2903 1 11440 11439 11441
2904 1 11443 11442 11444
2905 1 11446 11445 11447
2906 1 11449 11448 11450
2907 1 11452 11451 11453
2908 1 11455 11454 11456
2909 1 11458 11457 11459
2910 1 11461 11460 11462
2911 1 11464 11463 11465
2912 1 11467 11466 11468
2913 1 11470 11469 11471
2914 1 11473 11472 11474
2915 1 11476 11475 11477
2916 1 11479 11478 11480
2917 1 11482 11481 11483
2918 1 11485 11484 11486
2919 1 11488 11487 11489
2920 1 11491 11490 11492
2921 1 11494 11493 11495
2922 1 11497 11496 11498
2923 1 11500 11499 11501
2924 1 11503 11502 11504
2925 1 11506 11505 11507
2926 1 11509 11508 11510
2927 1 11512 11511 11513
2928 1 11515 11514 11516
2929 1 11518 11517 11519
2930 1 11521 11520 11522
2931 1 11524 11523 11525
2932 1 11527 11526 11528
2933 1 11530 11529 11531
2934 1 11533 11532 11534
2935 1 11536 11535 11537
2936 1 11539 11538 11540
2937 1 11542 11541 11543
2938 1 11545 11544 11546
2939 1 11548 11547 11549
2940 1 11551 11550 11552
2941 1 11554 11553 11555
2942 1 11557 11556 11558
2943 1 11560 11559 11561
2944 1 11563 11562 11564
2945 1 11566 11565 11567
2946 1 11569 11568 11570
2947 1 11572 11571 11573
2948 1 11575 11574 11576
2949 1 11578 11577 11579
2950 1 11581 11580 11582
2951 1 11584 11583 11585
2952 1 11587 11586 11588
2953 1 11590 11589 11591
2954 1 11593 11592 11594
2955 1 11596 11595 11597
2956 1 11599 11598 11600
2957 1 11602 11601 11603
2958 1 11605 11604 11606
2959 1 11608 11607 11609
2960 1 11611 11610 11612
2961 1 11614 11613 11615
2962 1 11617 11616 11618
2963 1 11620 11619 11621
2964 1 11623 11622 11624
2965 1 11626 11625 11627
2966 1 11629 11628 11630
2967 1 11632 11631 11633
2968 1 11635 11634 11636
2969 1 11638 11637 11639
2970 1 11641 11640 11642
2971 1 11644 11643 11645
2972 1 11647 11646 11648
2973 1 11650 11649 11651
2974 1 11653 11652 11654
2975 1 11656 11655 11657
2976 1 11659 11658 11660
2977 1 11662 11661 11663
2978 1 11665 11664 11666
2979 1 11668 11667 11669
2980 1 11671 11670 11672
2981 1 11674 11673 11675
2982 1 11677 11676 11678
2983 1 11680 11679 11681
2984 1 11683 11682 11684
2985 1 11686 11685 11687
2986 1 11689 11688 11690
2987 1 11692 11691 11693
2988 1 11695 11694 11696
2989 1 11698 11697 11699
2990 1 11701 11700 11702
2991 1 11704 11703 11705
2992 1 11707 11706 11708
2993 1 11710 11709 11711
2994 1 11713 11712 11714
2995 1 11716 11715 11717
2996 1 11719 11718 11720
2997 1 11722 11721 11723
2998 1 11725 11724 11726
2999 1 11728 11727 11729
3000 1 11731 11730 11732
3001 1 11734 11733 11735
3002 1 11737 11736 11738
3003 1 11740 11739 11741
3004 1 11743 11742 11744
3005 1 11746 11745 11747
3006 1 11749 11748 11750
3007 1 11752 11751 11753
3008 1 11755 11754 11756
3009 1 11758 11757 11759
3010 1 11761 11760 11762
3011 1 11764 11763 11765
3012 1 11767 11766 11768
3013 1 11770 11769 11771
3014 1 11773 11772 11774
3015 1 11776 11775 11777
3016 1 11779 11778 11780
3017 1 11782 11781 11783
3018 1 11785 11784 11786
3019 1 11788 11787 11789
3020 1 11791 11790 11792
3021 1 11794 11793 11795
3022 1 11797 11796 11798
3023 1 11800 11799 11801
3024 1 11803 11802 11804
3025 1 11806 11805 11807
3026 1 11809 11808 11810
3027 1 11812 11811 11813
3028 1 11815 11814 11816
3029 1 11818 11817 11819
3030 1 11821 11820 11822
3031 1 11824 11823 11825
3032 1 11827 11826 11828
3033 1 11830 11829 11831
3034 1 11833 11832 11834
3035 1 11836 11835 11837
3036 1 11839 11838 11840
3037 1 11842 11841 11843
3038 1 11845 11844 11846
3039 1 11848 11847 11849
3040 1 11851 11850 11852
3041 1 11854 11853 11855
3042 1 11857 11856 11858
3043 1 11860 11859 11861
3044 1 11863 11862 11864
3045 1 11866 11865 11867
3046 1 11869 11868 11870
3047 1 11872 11871 11873
3048 1 11875 11874 11876
3049 1 11878 11877 11879
3050 1 11881 11880 11882
3051 1 11884 11883 11885
3052 1 11887 11886 11888
3053 1 11890 11889 11891
3054 1 11893 11892 11894
3055 1 11896 11895 11897
3056 1 11899 11898 11900
3057 1 11902 11901 11903
3058 1 11905 11904 11906
3059 1 11908 11907 11909
3060 1 11911 11910 11912
3061 1 11914 11913 11915
3062 1 11917 11916 11918
3063 1 11920 11919 11921
3064 1 11923 11922 11924
3065 1 11926 11925 11927
3066 1 11929 11928 11930
3067 1 11932 11931 11933
3068 1 11935 11934 11936
3069 1 11938 11937 11939
3070 1 11941 11940 11942
3071 1 11944 11943 11945
3072 1 11947 11946 11948
3073 1 11950 11949 11951
3074 1 11953 11952 11954
3075 1 11956 11955 11957
3076 1 11959 11958 11960
3077 1 11962 11961 11963
3078 1 11965 11964 11966
3079 1 11968 11967 11969
3080 1 11971 11970 11972
3081 1 11974 11973 11975
3082 1 11977 11976 11978
3083 1 11980 11979 11981
3084 1 11983 11982 11984
3085 1 11986 11985 11987
3086 1 11989 11988 11990
3087 1 11992 11991 11993
3088 1 11995 11994 11996
3089 1 11998 11997 11999
3090 1 12001 12000 12002
3091 1 12004 12003 12005
3092 1 12007 12006 12008
3093 1 12010 12009 12011
3094 1 12013 12012 12014
3095 1 12016 12015 12017
3096 1 12019 12018 12020
3097 1 12022 12021 12023
3098 1 12025 12024 12026
3099 1 12028 12027 12029
3100 1 12031 12030 12032
3101 1 12034 12033 12035
3102 1 12037 12036 12038
3103 1 12040 12039 12041
3104 1 12043 12042 12044
3105 1 12046 12045 12047
3106 1 12049 12048 12050
3107 1 12052 12051 12053
3108 1 12055 12054 12056
3109 1 12058 12057 12059
3110 1 12061 12060 12062
3111 1 12064 12063 12065
3112 1 12067 12066 12068
3113 1 12070 12069 12071
3114 1 12073 12072 12074
3115 1 12076 12075 12077
3116 1 12079 12078 12080
3117 1 12082 12081 12083
3118 1 12085 12084 12086
3119 1 12088 12087 12089
3120 1 12091 12090 12092
3121 1 12094 12093 12095
3122 1 12097 12096 12098
3123 1 12100 12099 12101
3124 1 12103 12102 12104
3125 1 12106 12105 12107
3126 1 12109 12108 12110
3127 1 12112 12111 12113
3128 1 12115 12114 12116
3129 1 12118 12117 12119
3130 1 12121 12120 12122
3131 1 12124 12123 12125
3132 1 12127 12126 12128
3133 1 12130 12129 12131
3134 1 12133 12132 12134
3135 1 12136 12135 12137
3136 1 12139 12138 12140
3137 1 12142 12141 12143
3138 1 12145 12144 12146
3139 1 12148 12147 12149
3140 1 12151 12150 12152
3141 1 12154 12153 12155
3142 1 12157 12156 12158
3143 1 12160 12159 12161
3144 1 12163 12162 12164
3145 1 12166 12165 12167
3146 1 12169 12168 12170
3147 1 12172 12171 12173
3148 1 12175 12174 12176
3149 1 12178 12177 12179
3150 1 12181 12180 12182
3151 1 12184 12183 12185
3152 1 12187 12186 12188
3153 1 12190 12189 12191
3154 1 12193 12192 12194
3155 1 12196 12195 12197
3156 1 12199 12198 12200
3157 1 12202 12201 12203
3158 1 12205 12204 12206
3159 1 12208 12207 12209
3160 1 12211 12210 12212
3161 1 12214 12213 12215
3162 1 12217 12216 12218
3163 1 12220 12219 12221
3164 1 12223 12222 12224
3165 1 12226 12225 12227
3166 1 12229 12228 12230
3167 1 12232 12231 12233
3168 1 12235 12234 12236
3169 1 12238 12237 12239
3170 1 12241 12240 12242
3171 1 12244 12243 12245
3172 1 12247 12246 12248
3173 1 12250 12249 12251
3174 1 12253 12252 12254
3175 1 12256 12255 12257
3176 1 12259 12258 12260
3177 1 12262 12261 12263
3178 1 12265 12264 12266
3179 1 12268 12267 12269
3180 1 12271 12270 12272
3181 1 12274 12273 12275
3182 1 12277 12276 12278
3183 1 12280 12279 12281
3184 1 12283 12282 12284
3185 1 12286 12285 12287
3186 1 12289 12288 12290
3187 1 12292 12291 12293
3188 1 12295 12294 12296
3189 1 12298 12297 12299
3190 1 12301 12300 12302
3191 1 12304 12303 12305
3192 1 12307 12306 12308
3193 1 12310 12309 12311
3194 1 12313 12312 12314
3195 1 12316 12315 12317
3196 1 12319 12318 12320
3197 1 12322 12321 12323
3198 1 12325 12324 12326
3199 1 12328 12327 12329
3200 1 12331 12330 12332
3201 1 12334 12333 12335
3202 1 12337 12336 12338
3203 1 12340 12339 12341
3204 1 12343 12342 12344
3205 1 12346 12345 12347
3206 1 12349 12348 12350
3207 1 12352 12351 12353
3208 1 12355 12354 12356
3209 1 12358 12357 12359
3210 1 12361 12360 12362
3211 1 12364 12363 12365
3212 1 12367 12366 12368
3213 1 12370 12369 12371
3214 1 12373 12372 12374
3215 1 12376 12375 12377
3216 1 12379 12378 12380
3217 1 12382 12381 12383
3218 1 12385 12384 12386
3219 1 12388 12387 12389
3220 1 12391 12390 12392
3221 1 12394 12393 12395
3222 1 12397 12396 12398
3223 1 12400 12399 12401
3224 1 12403 12402 12404
3225 1 12406 12405 12407
3226 1 12409 12408 12410
3227 1 12412 12411 12413
3228 1 12415 12414 12416
3229 1 12418 12417 12419
3230 1 12421 12420 12422
3231 1 12424 12423 12425
3232 1 12427 12426 12428
3233 1 12430 12429 12431
3234 1 12433 12432 12434
3235 1 12436 12435 12437
3236 1 12439 12438 12440
3237 1 12442 12441 12443
3238 1 12445 12444 12446
3239 1 12448 12447 12449
3240 1 12451 12450 12452
3241 1 12454 12453 12455
3242 1 12457 12456 12458
3243 1 12460 12459 12461
3244 1 12463 12462 12464
3245 1 12466 12465 12467
3246 1 12469 12468 12470
3247 1 12472 12471 12473
3248 1 12475 12474 12476
3249 1 12478 12477 12479
3250 1 12481 12480 12482
3251 1 12484 12483 12485
3252 1 12487 12486 12488
3253 1 12490 12489 12491
3254 1 12493 12492 12494
3255 1 12496 12495 12497
3256 1 12499 12498 12500
3257 1 12502 12501 12503
3258 1 12505 12504 12506
3259 1 12508 12507 12509
3260 1 12511 12510 12512
3261 1 12514 12513 12515
3262 1 12517 12516 12518
3263 1 12520 12519 12521
3264 1 12523 12522 12524
3265 1 12526 12525 12527
3266 1 12529 12528 12530
3267 1 12532 12531 12533
3268 1 12535 12534 12536
3269 1 12538 12537 12539
3270 1 12541 12540 12542
3271 1 12544 12543 12545
3272 1 12547 12546 12548
3273 1 12550 12549 12551
3274 1 12553 12552 12554
3275 1 12556 12555 12557
3276 1 12559 12558 12560
3277 1 12562 12561 12563
3278 1 12565 12564 12566
3279 1 12568 12567 12569
3280 1 12571 12570 12572
3281 1 12574 12573 12575
3282 1 12577 12576 12578
3283 1 12580 12579 12581
3284 1 12583 12582 12584
3285 1 12586 12585 12587
3286 1 12589 12588 12590
3287 1 12592 12591 12593
3288 1 12595 12594 12596
3289 1 12598 12597 12599
3290 1 12601 12600 12602
3291 1 12604 12603 12605
3292 1 12607 12606 12608
3293 1 12610 12609 12611
3294 1 12613 12612 12614
3295 1 12616 12615 12617
3296 1 12619 12618 12620
3297 1 12622 12621 12623
3298 1 12625 12624 12626
3299 1 12628 12627 12629
3300 1 12631 12630 12632
3301 1 12634 12633 12635
3302 1 12637 12636 12638
3303 1 12640 12639 12641
3304 1 12643 12642 12644
3305 1 12646 12645 12647
3306 1 12649 12648 12650
3307 1 12652 12651 12653
3308 1 12655 12654 12656
3309 1 12658 12657 12659
3310 1 12661 12660 12662
3311 1 12664 12663 12665
3312 1 12667 12666 12668
3313 1 12670 12669 12671
3314 1 12673 12672 12674
3315 1 12676 12675 12677
3316 1 12679 12678 12680
3317 1 12682 12681 12683
3318 1 12685 12684 12686
3319 1 12688 12687 12689
3320 1 12691 12690 12692
3321 1 12694 12693 12695
3322 1 12697 12696 12698
3323 1 12700 12699 12701
3324 1 12703 12702 12704
3325 1 12706 12705 12707
3326 1 12709 12708 12710
3327 1 12712 12711 12713
3328 1 12715 12714 12716
3329 1 12718 12717 12719
3330 1 12721 12720 12722
3331 1 12724 12723 12725
3332 1 12727 12726 12728
3333 1 12730 12729 12731
3334 1 12733 12732 12734
3335 1 12736 12735 12737
3336 1 12739 12738 12740
3337 1 12742 12741 12743
3338 1 12745 12744 12746
3339 1 12748 12747 12749
3340 1 12751 12750 12752
3341 1 12754 12753 12755
3342 1 12757 12756 12758
3343 1 12760 12759 12761
3344 1 12763 12762 12764
3345 1 12766 12765 12767
3346 1 12769 12768 12770
3347 1 12772 12771 12773
3348 1 12775 12774 12776
3349 1 12778 12777 12779
3350 1 12781 12780 12782
3351 1 12784 12783 12785
3352 1 12787 12786 12788
3353 1 12790 12789 12791
3354 1 12793 12792 12794
3355 1 12796 12795 12797
3356 1 12799 12798 12800
3357 1 12802 12801 12803
3358 1 12805 12804 12806
3359 1 12808 12807 12809
3360 1 12811 12810 12812
3361 1 12814 12813 12815
3362 1 12817 12816 12818
3363 1 12820 12819 12821
3364 1 12823 12822 12824
3365 1 12826 12825 12827
3366 1 12829 12828 12830
3367 1 12832 12831 12833
3368 1 12835 12834 12836
3369 1 12838 12837 12839
3370 1 12841 12840 12842
3371 1 12844 12843 12845
3372 1 12847 12846 12848
3373 1 12850 12849 12851
3374 1 12853 12852 12854
3375 1 12856 12855 12857
3376 1 12859 12858 12860
3377 1 12862 12861 12863
3378 1 12865 12864 12866
3379 1 12868 12867 12869
3380 1 12871 12870 12872
3381 1 12874 12873 12875
3382 1 12877 12876 12878
3383 1 12880 12879 12881
3384 1 12883 12882 12884
3385 1 12886 12885 12887
3386 1 12889 12888 12890
3387 1 12892 12891 12893
3388 1 12895 12894 12896
3389 1 12898 12897 12899
3390 1 12901 12900 12902
3391 1 12904 12903 12905
3392 1 12907 12906 12908
3393 1 12910 12909 12911
3394 1 12913 12912 12914
3395 1 12916 12915 12917
3396 1 12919 12918 12920
3397 1 12922 12921 12923
3398 1 12925 12924 12926
3399 1 12928 12927 12929
3400 1 12931 12930 12932
3401 1 12934 12933 12935
3402 1 12937 12936 12938
3403 1 12940 12939 12941
3404 1 12943 12942 12944
3405 1 12946 12945 12947
3406 1 12949 12948 12950
3407 1 12952 12951 12953
3408 1 12955 12954 12956
3409 1 12958 12957 12959
3410 1 12961 12960 12962
3411 1 12964 12963 12965
3412 1 12967 12966 12968
3413 1 12970 12969 12971
3414 1 12973 12972 12974
3415 1 12976 12975 12977
3416 1 12979 12978 12980
3417 1 12982 12981 12983
3418 1 12985 12984 12986
3419 1 12988 12987 12989
3420 1 12991 12990 12992
3421 1 12994 12993 12995
3422 1 12997 12996 12998
3423 1 13000 12999 13001
3424 1 13003 13002 13004
3425 1 13006 13005 13007
3426 1 13009 13008 13010
3427 1 13012 13011 13013
3428 1 13015 13014 13016
3429 1 13018 13017 13019
3430 1 13021 13020 13022
3431 1 13024 13023 13025
3432 1 13027 13026 13028
3433 1 13030 13029 13031
3434 1 13033 13032 13034
3435 1 13036 13035 13037
3436 1 13039 13038 13040
3437 1 13042 13041 13043
3438 1 13045 13044 13046
3439 1 13048 13047 13049
3440 1 13051 13050 13052
3441 1 13054 13053 13055
3442 1 13057 13056 13058
3443 1 13060 13059 13061
3444 1 13063 13062 13064
3445 1 13066 13065 13067
3446 1 13069 13068 13070
3447 1 13072 13071 13073
3448 1 13075 13074 13076
3449 1 13078 13077 13079
3450 1 13081 13080 13082
3451 1 13084 13083 13085
3452 1 13087 13086 13088
3453 1 13090 13089 13091
3454 1 13093 13092 13094
3455 1 13096 13095 13097
3456 1 13099 13098 13100
3457 1 13102 13101 13103
3458 1 13105 13104 13106
3459 1 13108 13107 13109
3460 1 13111 13110 13112
3461 1 13114 13113 13115
3462 1 13117 13116 13118
3463 1 13120 13119 13121
3464 1 13123 13122 13124
3465 1 13126 13125 13127
3466 1 13129 13128 13130
3467 1 13132 13131 13133
3468 1 13135 13134 13136
3469 1 13138 13137 13139
3470 1 13141 13140 13142
3471 1 13144 13143 13145
3472 1 13147 13146 13148
3473 1 13150 13149 13151
3474 1 13153 13152 13154
3475 1 13156 13155 13157
3476 1 13159 13158 13160
3477 1 13162 13161 13163
3478 1 13165 13164 13166
3479 1 13168 13167 13169
3480 1 13171 13170 13172
3481 1 13174 13173 13175
3482 1 13177 13176 13178
3483 1 13180 13179 13181
3484 1 13183 13182 13184
3485 1 13186 13185 13187
3486 1 13189 13188 13190
3487 1 13192 13191 13193
3488 1 13195 13194 13196
3489 1 13198 13197 13199
3490 1 13201 13200 13202
3491 1 13204 13203 13205
3492 1 13207 13206 13208
3493 1 13210 13209 13211
3494 1 13213 13212 13214
3495 1 13216 13215 13217
3496 1 13219 13218 13220
3497 1 13222 13221 13223
3498 1 13225 13224 13226
3499 1 13228 13227 13229
3500 1 13231 13230 13232
3501 1 13234 13233 13235
3502 1 13237 13236 13238
3503 1 13240 13239 13241
3504 1 13243 13242 13244
3505 1 13246 13245 13247
3506 1 13249 13248 13250
3507 1 13252 13251 13253
3508 1 13255 13254 13256
3509 1 13258 13257 13259
3510 1 13261 13260 13262
3511 1 13264 13263 13265
3512 1 13267 13266 13268
3513 1 13270 13269 13271
3514 1 13273 13272 13274
3515 1 13276 13275 13277
3516 1 13279 13278 13280
3517 1 13282 13281 13283
3518 1 13285 13284 13286
3519 1 13288 13287 13289
3520 1 13291 13290 13292
3521 1 13294 13293 13295
3522 1 13297 13296 13298
3523 1 13300 13299 13301
3524 1 13303 13302 13304
3525 1 13306 13305 13307
3526 1 13309 13308 13310
3527 1 13312 13311 13313
3528 1 13315 13314 13316
3529 1 13318 13317 13319
3530 1 13321 13320 13322
3531 1 13324 13323 13325
3532 1 13327 13326 13328
3533 1 13330 13329 13331
3534 1 13333 13332 13334
3535 1 13336 13335 13337
3536 1 13339 13338 13340
3537 1 13342 13341 13343
3538 1 13345 13344 13346
3539 1 13348 13347 13349
3540 1 13351 13350 13352
3541 1 13354 13353 13355
3542 1 13357 13356 13358
3543 1 13360 13359 13361
3544 1 13363 13362 13364
3545 1 13366 13365 13367
3546 1 13369 13368 13370
3547 1 13372 13371 13373
3548 1 13375 13374 13376
3549 1 13378 13377 13379
3550 1 13381 13380 13382
3551 1 13384 13383 13385
3552 1 13387 13386 13388
3553 1 13390 13389 13391
3554 1 13393 13392 13394
3555 1 13396 13395 13397
3556 1 13399 13398 13400
3557 1 13402 13401 13403
3558 1 13405 13404 13406
3559 1 13408 13407 13409
3560 1 13411 13410 13412
3561 1 13414 13413 13415
3562 1 13417 13416 13418
3563 1 13420 13419 13421
3564 1 13423 13422 13424
3565 1 13426 13425 13427
3566 1 13429 13428 13430
3567 1 13432 13431 13433
3568 1 13435 13434 13436
3569 1 13438 13437 13439
3570 1 13441 13440 13442
3571 1 13444 13443 13445
3572 1 13447 13446 13448
3573 1 13450 13449 13451
3574 1 13453 13452 13454
3575 1 13456 13455 13457
3576 1 13459 13458 13460
3577 1 13462 13461 13463
3578 1 13465 13464 13466
3579 1 13468 13467 13469
3580 1 13471 13470 13472
3581 1 13474 13473 13475
3582 1 13477 13476 13478
3583 1 13480 13479 13481
3584 1 13483 13482 13484
3585 1 13486 13485 13487
3586 1 13489 13488 13490
3587 1 13492 13491 13493
3588 1 13495 13494 13496
3589 1 13498 13497 13499
3590 1 13501 13500 13502
3591 1 13504 13503 13505
3592 1 13507 13506 13508
3593 1 13510 13509 13511
3594 1 13513 13512 13514
3595 1 13516 13515 13517
3596 1 13519 13518 13520
3597 1 13522 13521 13523
3598 1 13525 13524 13526
3599 1 13528 13527 13529
3600 1 13531 13530 13532
3601 1 13534 13533 13535
3602 1 13537 13536 13538
3603 1 13540 13539 13541
3604 1 13543 13542 13544
3605 1 13546 13545 13547
3606 1 13549 13548 13550
3607 1 13552 13551 13553
3608 1 13555 13554 13556
3609 1 13558 13557 13559
3610 1 13561 13560 13562
3611 1 13564 13563 13565
3612 1 13567 13566 13568
3613 1 13570 13569 13571
3614 1 13573 13572 13574
3615 1 13576 13575 13577
3616 1 13579 13578 13580
3617 1 13582 13581 13583
3618 1 13585 13584 13586
3619 1 13588 13587 13589
3620 1 13591 13590 13592
3621 1 13594 13593 13595
3622 1 13597 13596 13598
3623 1 13600 13599 13601
3624 1 13603 13602 13604
3625 1 13606 13605 13607
3626 1 13609 13608 13610
3627 1 13612 13611 13613
3628 1 13615 13614 13616
3629 1 13618 13617 13619
3630 1 13621 13620 13622
3631 1 13624 13623 13625
3632 1 13627 13626 13628
3633 1 13630 13629 13631
3634 1 13633 13632 13634
3635 1 13636 13635 13637
3636 1 13639 13638 13640
3637 1 13642 13641 13643
3638 1 13645 13644 13646
3639 1 13648 13647 13649
3640 1 13651 13650 13652
3641 1 13654 13653 13655
3642 1 13657 13656 13658
3643 1 13660 13659 13661
3644 1 13663 13662 13664
3645 1 13666 13665 13667
3646 1 13669 13668 13670
3647 1 13672 13671 13673
3648 1 13675 13674 13676
3649 1 13678 13677 13679
3650 1 13681 13680 13682
3651 1 13684 13683 13685
3652 1 13687 13686 13688
3653 1 13690 13689 13691
3654 1 13693 13692 13694
3655 1 13696 13695 13697
3656 1 13699 13698 13700
3657 1 13702 13701 13703
3658 1 13705 13704 13706
3659 1 13708 13707 13709
3660 1 13711 13710 13712
3661 1 13714 13713 13715
3662 1 13717 13716 13718
3663 1 13720 13719 13721
3664 1 13723 13722 13724
3665 1 13726 13725 13727
3666 1 13729 13728 13730
3667 1 13732 13731 13733
3668 1 13735 13734 13736
3669 1 13738 13737 13739
3670 1 13741 13740 13742
3671 1 13744 13743 13745
3672 1 13747 13746 13748
3673 1 13750 13749 13751
3674 1 13753 13752 13754
3675 1 13756 13755 13757
3676 1 13759 13758 13760
3677 1 13762 13761 13763
3678 1 13765 13764 13766
3679 1 13768 13767 13769
3680 1 13771 13770 13772
3681 1 13774 13773 13775
3682 1 13777 13776 13778
3683 1 13780 13779 13781
3684 1 13783 13782 13784
3685 1 13786 13785 13787
3686 1 13789 13788 13790
3687 1 13792 13791 13793
3688 1 13795 13794 13796
3689 1 13798 13797 13799
3690 1 13801 13800 13802
3691 1 13804 13803 13805
3692 1 13807 13806 13808
3693 1 13810 13809 13811
3694 1 13813 13812 13814
3695 1 13816 13815 13817
3696 1 13819 13818 13820
3697 1 13822 13821 13823
3698 1 13825 13824 13826
3699 1 13828 13827 13829
3700 1 13831 13830 13832
3701 1 13834 13833 13835
3702 1 13837 13836 13838
3703 1 13840 13839 13841
3704 1 13843 13842 13844
3705 1 13846 13845 13847
