1 1 998 997 999
2 1 1001 1000 1002
3 1 1004 1003 1005
4 1 1007 1006 1008
5 1 1010 1009 1011
6 1 1013 1012 1014
7 1 1016 1015 1017
8 1 1019 1018 1020
9 1 1022 1021 1023
10 1 1025 1024 1026
11 1 1028 1027 1029
12 1 1031 1030 1032
13 1 1034 1033 1035
14 1 1037 1036 1038
15 1 1040 1039 1041
16 1 1043 1042 1044
17 1 1046 1045 1047
18 1 1049 1048 1050
19 1 1052 1051 1053
20 1 1055 1054 1056
21 1 1058 1057 1059
22 1 1061 1060 1062
23 1 1064 1063 1065
24 1 1067 1066 1068
25 1 1070 1069 1071
26 1 1073 1072 1074
27 1 1076 1075 1077
28 1 1079 1078 1080
29 1 1082 1081 1083
30 1 1085 1084 1086
31 1 1088 1087 1089
32 1 1091 1090 1092
33 1 1094 1093 1095
34 1 1097 1096 1098
35 1 1100 1099 1101
36 1 1103 1102 1104
37 1 1106 1105 1107
38 1 1109 1108 1110
39 1 1112 1111 1113
40 1 1115 1114 1116
41 1 1118 1117 1119
42 1 1121 1120 1122
43 1 1124 1123 1125
44 1 1127 1126 1128
45 1 1130 1129 1131
46 1 1133 1132 1134
47 1 1136 1135 1137
48 1 1139 1138 1140
49 1 1142 1141 1143
50 1 1145 1144 1146
51 1 1148 1147 1149
52 1 1151 1150 1152
53 1 1154 1153 1155
54 1 1157 1156 1158
55 1 1160 1159 1161
56 1 1163 1162 1164
57 1 1166 1165 1167
58 1 1169 1168 1170
59 1 1172 1171 1173
60 1 1175 1174 1176
61 1 1178 1177 1179
62 1 1181 1180 1182
63 1 1184 1183 1185
64 1 1187 1186 1188
65 1 1190 1189 1191
66 1 1193 1192 1194
67 1 1196 1195 1197
68 1 1199 1198 1200
69 1 1202 1201 1203
70 1 1205 1204 1206
71 1 1208 1207 1209
72 1 1211 1210 1212
73 1 1214 1213 1215
74 1 1217 1216 1218
75 1 1220 1219 1221
76 1 1223 1222 1224
77 1 1226 1225 1227
78 1 1229 1228 1230
79 1 1232 1231 1233
80 1 1235 1234 1236
81 1 1238 1237 1239
82 1 1241 1240 1242
83 1 1244 1243 1245
84 1 1247 1246 1248
85 1 1250 1249 1251
86 1 1253 1252 1254
87 1 1256 1255 1257
88 1 1259 1258 1260
89 1 1262 1261 1263
90 1 1265 1264 1266
91 1 1268 1267 1269
92 1 1271 1270 1272
93 1 1274 1273 1275
94 1 1277 1276 1278
95 1 1280 1279 1281
96 1 1283 1282 1284
97 1 1286 1285 1287
98 1 1289 1288 1290
99 1 1292 1291 1293
100 1 1295 1294 1296
101 1 1298 1297 1299
102 1 1301 1300 1302
103 1 1304 1303 1305
104 1 1307 1306 1308
105 1 1310 1309 1311
106 1 1313 1312 1314
107 1 1316 1315 1317
108 1 1319 1318 1320
109 1 1322 1321 1323
110 1 1325 1324 1326
111 1 1328 1327 1329
112 1 1331 1330 1332
113 1 1334 1333 1335
114 1 1337 1336 1338
115 1 1340 1339 1341
116 1 1343 1342 1344
117 1 1346 1345 1347
118 1 1349 1348 1350
119 1 1352 1351 1353
120 1 1355 1354 1356
121 1 1358 1357 1359
122 1 1361 1360 1362
123 1 1364 1363 1365
124 1 1367 1366 1368
125 1 1370 1369 1371
126 1 1373 1372 1374
127 1 1376 1375 1377
128 1 1379 1378 1380
129 1 1382 1381 1383
130 1 1385 1384 1386
131 1 1388 1387 1389
132 1 1391 1390 1392
133 1 1394 1393 1395
134 1 1397 1396 1398
135 1 1400 1399 1401
136 1 1403 1402 1404
137 1 1406 1405 1407
138 1 1409 1408 1410
139 1 1412 1411 1413
140 1 1415 1414 1416
141 1 1418 1417 1419
142 1 1421 1420 1422
143 1 1424 1423 1425
144 1 1427 1426 1428
145 1 1430 1429 1431
146 1 1433 1432 1434
147 1 1436 1435 1437
148 1 1439 1438 1440
149 1 1442 1441 1443
150 1 1445 1444 1446
151 1 1448 1447 1449
152 1 1451 1450 1452
153 1 1454 1453 1455
154 1 1457 1456 1458
155 1 1460 1459 1461
156 1 1463 1462 1464
157 1 1466 1465 1467
158 1 1469 1468 1470
159 1 1472 1471 1473
160 1 1475 1474 1476
161 1 1478 1477 1479
162 1 1481 1480 1482
163 1 1484 1483 1485
164 1 1487 1486 1488
165 1 1490 1489 1491
166 1 1493 1492 1494
167 1 1496 1495 1497
168 1 1499 1498 1500
169 1 1502 1501 1503
170 1 1505 1504 1506
171 1 1508 1507 1509
172 1 1511 1510 1512
173 1 1514 1513 1515
174 1 1517 1516 1518
175 1 1520 1519 1521
176 1 1523 1522 1524
177 1 1526 1525 1527
178 1 1529 1528 1530
179 1 1532 1531 1533
180 1 1535 1534 1536
181 1 1538 1537 1539
182 1 1541 1540 1542
183 1 1544 1543 1545
184 1 1547 1546 1548
185 1 1550 1549 1551
186 1 1553 1552 1554
187 1 1556 1555 1557
188 1 1559 1558 1560
189 1 1562 1561 1563
190 1 1565 1564 1566
191 1 1568 1567 1569
192 1 1571 1570 1572
193 1 1574 1573 1575
194 1 1577 1576 1578
195 1 1580 1579 1581
196 1 1583 1582 1584
197 1 1586 1585 1587
198 1 1589 1588 1590
199 1 1592 1591 1593
200 1 1595 1594 1596
201 1 1598 1597 1599
202 1 1601 1600 1602
203 1 1604 1603 1605
204 1 1607 1606 1608
205 1 1610 1609 1611
206 1 1613 1612 1614
207 1 1616 1615 1617
208 1 1619 1618 1620
209 1 1622 1621 1623
210 1 1625 1624 1626
211 1 1628 1627 1629
212 1 1631 1630 1632
213 1 1634 1633 1635
214 1 1637 1636 1638
215 1 1640 1639 1641
216 1 1643 1642 1644
217 1 1646 1645 1647
218 1 1649 1648 1650
219 1 1652 1651 1653
220 1 1655 1654 1656
221 1 1658 1657 1659
222 1 1661 1660 1662
223 1 1664 1663 1665
224 1 1667 1666 1668
225 1 1670 1669 1671
226 1 1673 1672 1674
227 1 1676 1675 1677
228 1 1679 1678 1680
229 1 1682 1681 1683
230 1 1685 1684 1686
231 1 1688 1687 1689
232 1 1691 1690 1692
233 1 1694 1693 1695
234 1 1697 1696 1698
235 1 1700 1699 1701
236 1 1703 1702 1704
237 1 1706 1705 1707
238 1 1709 1708 1710
239 1 1712 1711 1713
240 1 1715 1714 1716
241 1 1718 1717 1719
242 1 1721 1720 1722
243 1 1724 1723 1725
244 1 1727 1726 1728
245 1 1730 1729 1731
246 1 1733 1732 1734
247 1 1736 1735 1737
248 1 1739 1738 1740
249 1 1742 1741 1743
250 1 1745 1744 1746
251 1 1748 1747 1749
252 1 1751 1750 1752
253 1 1754 1753 1755
254 1 1757 1756 1758
255 1 1760 1759 1761
256 1 1763 1762 1764
257 1 1766 1765 1767
258 1 1769 1768 1770
259 1 1772 1771 1773
260 1 1775 1774 1776
261 1 1778 1777 1779
262 1 1781 1780 1782
263 1 1784 1783 1785
264 1 1787 1786 1788
265 1 1790 1789 1791
266 1 1793 1792 1794
267 1 1796 1795 1797
268 1 1799 1798 1800
269 1 1802 1801 1803
270 1 1805 1804 1806
271 1 1808 1807 1809
272 1 1811 1810 1812
273 1 1814 1813 1815
274 1 1817 1816 1818
275 1 1820 1819 1821
276 1 1823 1822 1824
277 1 1826 1825 1827
278 1 1829 1828 1830
279 1 1832 1831 1833
280 1 1835 1834 1836
281 1 1838 1837 1839
282 1 1841 1840 1842
283 1 1844 1843 1845
284 1 1847 1846 1848
285 1 1850 1849 1851
286 1 1853 1852 1854
287 1 1856 1855 1857
288 1 1859 1858 1860
289 1 1862 1861 1863
290 1 1865 1864 1866
291 1 1868 1867 1869
292 1 1871 1870 1872
293 1 1874 1873 1875
294 1 1877 1876 1878
295 1 1880 1879 1881
296 1 1883 1882 1884
297 1 1886 1885 1887
298 1 1889 1888 1890
299 1 1892 1891 1893
300 1 1895 1894 1896
301 1 1898 1897 1899
302 1 1901 1900 1902
303 1 1904 1903 1905
304 1 1907 1906 1908
305 1 1910 1909 1911
306 1 1913 1912 1914
307 1 1916 1915 1917
308 1 1919 1918 1920
309 1 1922 1921 1923
310 1 1925 1924 1926
311 1 1928 1927 1929
312 1 1931 1930 1932
313 1 1934 1933 1935
314 1 1937 1936 1938
315 1 1940 1939 1941
316 1 1943 1942 1944
317 1 1946 1945 1947
318 1 1949 1948 1950
319 1 1952 1951 1953
320 1 1955 1954 1956
321 1 1958 1957 1959
322 1 1961 1960 1962
323 1 1964 1963 1965
324 1 1967 1966 1968
325 1 1970 1969 1971
326 1 1973 1972 1974
327 1 1976 1975 1977
328 1 1979 1978 1980
329 1 1982 1981 1983
330 1 1985 1984 1986
331 1 1988 1987 1989
332 1 1991 1990 1992
333 1 1994 1993 1995
334 1 1997 1996 1998
335 1 2000 1999 2001
336 1 2003 2002 2004
337 1 2006 2005 2007
338 1 2009 2008 2010
339 1 2012 2011 2013
340 1 2015 2014 2016
341 1 2018 2017 2019
342 1 2021 2020 2022
343 1 2024 2023 2025
344 1 2027 2026 2028
345 1 2030 2029 2031
346 1 2033 2032 2034
347 1 2036 2035 2037
348 1 2039 2038 2040
349 1 2042 2041 2043
350 1 2045 2044 2046
351 1 2048 2047 2049
352 1 2051 2050 2052
353 1 2054 2053 2055
354 1 2057 2056 2058
355 1 2060 2059 2061
356 1 2063 2062 2064
357 1 2066 2065 2067
358 1 2069 2068 2070
359 1 2072 2071 2073
360 1 2075 2074 2076
361 1 2078 2077 2079
362 1 2081 2080 2082
363 1 2084 2083 2085
364 1 2087 2086 2088
365 1 2090 2089 2091
366 1 2093 2092 2094
367 1 2096 2095 2097
368 1 2099 2098 2100
369 1 2102 2101 2103
370 1 2105 2104 2106
371 1 2108 2107 2109
372 1 2111 2110 2112
373 1 2114 2113 2115
374 1 2117 2116 2118
375 1 2120 2119 2121
376 1 2123 2122 2124
377 1 2126 2125 2127
378 1 2129 2128 2130
379 1 2132 2131 2133
380 1 2135 2134 2136
381 1 2138 2137 2139
382 1 2141 2140 2142
383 1 2144 2143 2145
384 1 2147 2146 2148
385 1 2150 2149 2151
386 1 2153 2152 2154
387 1 2156 2155 2157
388 1 2159 2158 2160
389 1 2162 2161 2163
390 1 2165 2164 2166
391 1 2168 2167 2169
392 1 2171 2170 2172
393 1 2174 2173 2175
394 1 2177 2176 2178
395 1 2180 2179 2181
396 1 2183 2182 2184
397 1 2186 2185 2187
398 1 2189 2188 2190
399 1 2192 2191 2193
400 1 2195 2194 2196
401 1 2198 2197 2199
402 1 2201 2200 2202
403 1 2204 2203 2205
404 1 2207 2206 2208
405 1 2210 2209 2211
406 1 2213 2212 2214
407 1 2216 2215 2217
408 1 2219 2218 2220
409 1 2222 2221 2223
410 1 2225 2224 2226
411 1 2228 2227 2229
412 1 2231 2230 2232
413 1 2234 2233 2235
414 1 2237 2236 2238
415 1 2240 2239 2241
416 1 2243 2242 2244
417 1 2246 2245 2247
418 1 2249 2248 2250
419 1 2252 2251 2253
420 1 2255 2254 2256
421 1 2258 2257 2259
422 1 2261 2260 2262
423 1 2264 2263 2265
424 1 2267 2266 2268
425 1 2270 2269 2271
426 1 2273 2272 2274
427 1 2276 2275 2277
428 1 2279 2278 2280
429 1 2282 2281 2283
430 1 2285 2284 2286
431 1 2288 2287 2289
432 1 2291 2290 2292
433 1 2294 2293 2295
434 1 2297 2296 2298
435 1 2300 2299 2301
436 1 2303 2302 2304
437 1 2306 2305 2307
438 1 2309 2308 2310
439 1 2312 2311 2313
440 1 2315 2314 2316
441 1 2318 2317 2319
442 1 2321 2320 2322
443 1 2324 2323 2325
444 1 2327 2326 2328
445 1 2330 2329 2331
446 1 2333 2332 2334
447 1 2336 2335 2337
448 1 2339 2338 2340
449 1 2342 2341 2343
450 1 2345 2344 2346
451 1 2348 2347 2349
452 1 2351 2350 2352
453 1 2354 2353 2355
454 1 2357 2356 2358
455 1 2360 2359 2361
456 1 2363 2362 2364
457 1 2366 2365 2367
458 1 2369 2368 2370
459 1 2372 2371 2373
460 1 2375 2374 2376
461 1 2378 2377 2379
462 1 2381 2380 2382
463 1 2384 2383 2385
464 1 2387 2386 2388
465 1 2390 2389 2391
466 1 2393 2392 2394
467 1 2396 2395 2397
468 1 2399 2398 2400
469 1 2402 2401 2403
470 1 2405 2404 2406
471 1 2408 2407 2409
472 1 2411 2410 2412
473 1 2414 2413 2415
474 1 2417 2416 2418
475 1 2420 2419 2421
476 1 2423 2422 2424
477 1 2426 2425 2427
478 1 2429 2428 2430
479 1 2432 2431 2433
480 1 2435 2434 2436
481 1 2438 2437 2439
482 1 2441 2440 2442
483 1 2444 2443 2445
484 1 2447 2446 2448
485 1 2450 2449 2451
486 1 2453 2452 2454
