1 1 1221 1222
2 1 1221 1223
3 1 1224 1225
4 1 1224 1226
5 1 1227 1228
6 1 1227 1229
7 1 1230 1231
8 1 1230 1232
9 1 1233 1234
10 1 1233 1235
11 1 1236 1237
12 1 1236 1238
13 1 1239 1240
14 1 1239 1241
15 1 1242 1243
16 1 1242 1244
17 1 1245 1246
18 1 1245 1247
19 1 1248 1249
20 1 1248 1250
21 1 1251 1252
22 1 1251 1253
23 1 1254 1255
24 1 1254 1256
25 1 1257 1258
26 1 1257 1259
27 1 1260 1261
28 1 1260 1262
29 1 1263 1264
30 1 1263 1265
31 1 1266 1267
32 1 1266 1268
33 1 1269 1270
34 1 1269 1271
35 1 1272 1273
36 1 1272 1274
37 1 1275 1276
38 1 1275 1277
39 1 1278 1279
40 1 1278 1280
41 1 1281 1282
42 1 1281 1283
43 1 1284 1285
44 1 1284 1286
45 1 1287 1288
46 1 1287 1289
47 1 1290 1291
48 1 1290 1292
49 1 1293 1294
50 1 1293 1295
51 1 1296 1297
52 1 1296 1298
53 1 1299 1300
54 1 1299 1301
55 1 1302 1303
56 1 1302 1304
57 1 1305 1306
58 1 1305 1307
59 1 1308 1309
60 1 1308 1310
61 1 1311 1312
62 1 1311 1313
63 1 1314 1315
64 1 1314 1316
65 1 1317 1318
66 1 1317 1319
67 1 1320 1321
68 1 1320 1322
69 1 1323 1324
70 1 1323 1325
71 1 1326 1327
72 1 1326 1328
73 1 1329 1330
74 1 1329 1331
75 1 1332 1333
76 1 1332 1334
77 1 1335 1336
78 1 1335 1337
79 1 1338 1339
80 1 1338 1340
81 1 1341 1342
82 1 1341 1343
83 1 1344 1345
84 1 1344 1346
85 1 1347 1348
86 1 1347 1349
87 1 1350 1351
88 1 1350 1352
89 1 1353 1354
90 1 1353 1355
91 1 1356 1357
92 1 1356 1358
93 1 1359 1360
94 1 1359 1361
95 1 1362 1363
96 1 1362 1364
97 1 1365 1366
98 1 1365 1367
99 1 1368 1369
100 1 1368 1370
101 1 1371 1372
102 1 1371 1373
103 1 1374 1375
104 1 1374 1376
105 1 1377 1378
106 1 1377 1379
107 1 1380 1381
108 1 1380 1382
109 1 1383 1384
110 1 1383 1385
111 1 1386 1387
112 1 1386 1388
113 1 1389 1390
114 1 1389 1391
115 1 1392 1393
116 1 1392 1394
117 1 1395 1396
118 1 1395 1397
119 1 1398 1399
120 1 1398 1400
121 1 1401 1402
122 1 1401 1403
123 1 1404 1405
124 1 1404 1406
125 1 1407 1408
126 1 1407 1409
127 1 1410 1411
128 1 1410 1412
129 1 1413 1414
130 1 1413 1415
131 1 1416 1417
132 1 1416 1418
133 1 1419 1420
134 1 1419 1421
135 1 1422 1423
136 1 1422 1424
137 1 1425 1426
138 1 1425 1427
139 1 1428 1429
140 1 1428 1430
141 1 1431 1432
142 1 1431 1433
143 1 1434 1435
144 1 1434 1436
145 1 1437 1438
146 1 1437 1439
147 1 1440 1441
148 1 1440 1442
149 1 1443 1444
150 1 1443 1445
151 1 1446 1447
152 1 1446 1448
153 1 1449 1450
154 1 1449 1451
155 1 1452 1453
156 1 1452 1454
157 1 1455 1456
158 1 1455 1457
159 1 1458 1459
160 1 1458 1460
161 1 1461 1462
162 1 1461 1463
163 1 1464 1465
164 1 1464 1466
165 1 1467 1468
166 1 1467 1469
167 1 1470 1471
168 1 1470 1472
169 1 1473 1474
170 1 1473 1475
171 1 1476 1477
172 1 1476 1478
173 1 1479 1480
174 1 1479 1481
175 1 1482 1483
176 1 1482 1484
177 1 1485 1486
178 1 1485 1487
179 1 1488 1489
180 1 1488 1490
181 1 1491 1492
182 1 1491 1493
183 1 1494 1495
184 1 1494 1496
185 1 1497 1498
186 1 1497 1499
187 1 1500 1501
188 1 1500 1502
189 1 1503 1504
190 1 1503 1505
191 1 1506 1507
192 1 1506 1508
193 1 1509 1510
194 1 1509 1511
195 1 1512 1513
196 1 1512 1514
197 1 1515 1516
198 1 1515 1517
199 1 1518 1519
200 1 1518 1520
201 1 1521 1522
202 1 1521 1523
203 1 1524 1525
204 1 1524 1526
205 1 1527 1528
206 1 1527 1529
207 1 1530 1531
208 1 1530 1532
209 1 1533 1534
210 1 1533 1535
211 1 1536 1537
212 1 1536 1538
213 1 1539 1540
214 1 1539 1541
215 1 1542 1543
216 1 1542 1544
217 1 1545 1546
218 1 1545 1547
219 1 1548 1549
220 1 1548 1550
221 1 1551 1552
222 1 1551 1553
223 1 1554 1555
224 1 1554 1556
225 1 1557 1558
226 1 1557 1559
227 1 1560 1561
228 1 1560 1562
229 1 1563 1564
230 1 1563 1565
231 1 1566 1567
232 1 1566 1568
233 1 1569 1570
234 1 1569 1571
235 1 1572 1573
236 1 1572 1574
237 1 1575 1576
238 1 1575 1577
239 1 1578 1579
240 1 1578 1580
241 1 1581 1582
242 1 1581 1583
243 1 1584 1585
244 1 1584 1586
245 1 1587 1588
246 1 1587 1589
247 1 1590 1591
248 1 1590 1592
249 1 1593 1594
250 1 1593 1595
251 1 1596 1597
252 1 1596 1598
253 1 1599 1600
254 1 1599 1601
255 1 1602 1603
256 1 1602 1604
257 1 1605 1606
258 1 1605 1607
259 1 1608 1609
260 1 1608 1610
261 1 1611 1612
262 1 1611 1613
263 1 1614 1615
264 1 1614 1616
265 1 1617 1618
266 1 1617 1619
267 1 1620 1621
268 1 1620 1622
269 1 1623 1624
270 1 1623 1625
271 1 1626 1627
272 1 1626 1628
273 1 1629 1630
274 1 1629 1631
275 1 1632 1633
276 1 1632 1634
277 1 1635 1636
278 1 1635 1637
279 1 1638 1639
280 1 1638 1640
281 1 1641 1642
282 1 1641 1643
283 1 1644 1645
284 1 1644 1646
285 1 1647 1648
286 1 1647 1649
287 1 1650 1651
288 1 1650 1652
289 1 1653 1654
290 1 1653 1655
291 1 1656 1657
292 1 1656 1658
293 1 1659 1660
294 1 1659 1661
295 1 1662 1663
296 1 1662 1664
297 1 1665 1666
298 1 1665 1667
299 1 1668 1669
300 1 1668 1670
301 1 1671 1672
302 1 1671 1673
303 1 1674 1675
304 1 1674 1676
305 1 1677 1678
306 1 1677 1679
307 1 1680 1681
308 1 1680 1682
309 1 1683 1684
310 1 1683 1685
311 1 1686 1687
312 1 1686 1688
313 1 1689 1690
314 1 1689 1691
315 1 1692 1693
316 1 1692 1694
317 1 1695 1696
318 1 1695 1697
319 1 1698 1699
320 1 1698 1700
321 1 1701 1702
322 1 1701 1703
323 1 1704 1705
324 1 1704 1706
325 1 1707 1708
326 1 1707 1709
327 1 1710 1711
328 1 1710 1712
329 1 1713 1714
330 1 1713 1715
331 1 1716 1717
332 1 1716 1718
333 1 1719 1720
334 1 1719 1721
335 1 1722 1723
336 1 1722 1724
337 1 1725 1726
338 1 1725 1727
339 1 1728 1729
340 1 1728 1730
341 1 1731 1732
342 1 1731 1733
343 1 1734 1735
344 1 1734 1736
345 1 1737 1738
346 1 1737 1739
347 1 1740 1741
348 1 1740 1742
349 1 1743 1744
350 1 1743 1745
351 1 1746 1747
352 1 1746 1748
353 1 1749 1750
354 1 1749 1751
355 1 1752 1753
356 1 1752 1754
357 1 1755 1756
358 1 1755 1757
359 1 1758 1759
360 1 1758 1760
361 1 1761 1762
362 1 1761 1763
363 1 1764 1765
364 1 1764 1766
365 1 1767 1768
366 1 1767 1769
367 1 1770 1771
368 1 1770 1772
369 1 1773 1774
370 1 1773 1775
371 1 1776 1777
372 1 1776 1778
373 1 1779 1780
374 1 1779 1781
375 1 1782 1783
376 1 1782 1784
377 1 1785 1786
378 1 1785 1787
379 1 1788 1789
380 1 1788 1790
381 1 1791 1792
382 1 1791 1793
383 1 1794 1795
384 1 1794 1796
385 1 1797 1798
386 1 1797 1799
387 1 1800 1801
388 1 1800 1802
389 1 1803 1804
390 1 1803 1805
391 1 1806 1807
392 1 1806 1808
393 1 1809 1810
394 1 1809 1811
395 1 1812 1813
396 1 1812 1814
397 1 1815 1816
398 1 1815 1817
399 1 1818 1819
400 1 1818 1820
401 1 1821 1822
402 1 1821 1823
403 1 1824 1825
404 1 1824 1826
405 1 1827 1828
406 1 1827 1829
407 1 1830 1831
408 1 1830 1832
409 1 1833 1834
410 1 1833 1835
411 1 1836 1837
412 1 1836 1838
413 1 1839 1840
414 1 1839 1841
415 1 1842 1843
416 1 1842 1844
417 1 1845 1846
418 1 1845 1847
419 1 1848 1849
420 1 1848 1850
421 1 1851 1852
422 1 1851 1853
423 1 1854 1855
424 1 1854 1856
425 1 1857 1858
426 1 1857 1859
427 1 1860 1861
428 1 1860 1862
429 1 1863 1864
430 1 1863 1865
431 1 1866 1867
432 1 1866 1868
433 1 1869 1870
434 1 1869 1871
435 1 1872 1873
436 1 1872 1874
437 1 1875 1876
438 1 1875 1877
439 1 1878 1879
440 1 1878 1880
441 1 1881 1882
442 1 1881 1883
443 1 1884 1885
444 1 1884 1886
445 1 1887 1888
446 1 1887 1889
447 1 1890 1891
448 1 1890 1892
449 1 1893 1894
450 1 1893 1895
451 1 1896 1897
452 1 1896 1898
453 1 1899 1900
454 1 1899 1901
455 1 1902 1903
456 1 1902 1904
457 1 1905 1906
458 1 1905 1907
459 1 1908 1909
460 1 1908 1910
461 1 1911 1912
462 1 1911 1913
463 1 1914 1915
464 1 1914 1916
465 1 1917 1918
466 1 1917 1919
467 1 1920 1921
468 1 1920 1922
469 1 1923 1924
470 1 1923 1925
471 1 1926 1927
472 1 1926 1928
473 1 1929 1930
474 1 1929 1931
475 1 1932 1933
476 1 1932 1934
477 1 1935 1936
478 1 1935 1937
479 1 1938 1939
480 1 1938 1940
481 1 1941 1942
482 1 1941 1943
483 1 1944 1945
484 1 1944 1946
485 1 1947 1948
486 1 1947 1949
487 1 1950 1951
488 1 1950 1952
489 1 1953 1954
490 1 1953 1955
491 1 1956 1957
492 1 1956 1958
493 1 1959 1960
494 1 1959 1961
495 1 1962 1963
496 1 1962 1964
497 1 1965 1966
498 1 1965 1967
499 1 1968 1969
500 1 1968 1970
501 1 1971 1972
502 1 1971 1973
503 1 1974 1975
504 1 1974 1976
505 1 1977 1978
506 1 1977 1979
507 1 1980 1981
508 1 1980 1982
509 1 1983 1984
510 1 1983 1985
511 1 1986 1987
512 1 1986 1988
513 1 1989 1990
514 1 1989 1991
515 1 1992 1993
516 1 1992 1994
517 1 1995 1996
518 1 1995 1997
519 1 1998 1999
520 1 1998 2000
521 1 2001 2002
522 1 2001 2003
523 1 2004 2005
524 1 2004 2006
525 1 2007 2008
526 1 2007 2009
527 1 2010 2011
528 1 2010 2012
529 1 2013 2014
530 1 2013 2015
531 1 2016 2017
532 1 2016 2018
533 1 2019 2020
534 1 2019 2021
535 1 2022 2023
536 1 2022 2024
537 1 2025 2026
538 1 2025 2027
539 1 2028 2029
540 1 2028 2030
541 1 2031 2032
542 1 2031 2033
543 1 2034 2035
544 1 2034 2036
545 1 2037 2038
546 1 2037 2039
547 1 2040 2041
548 1 2040 2042
549 1 2043 2044
550 1 2043 2045
551 1 2046 2047
552 1 2046 2048
553 1 2049 2050
554 1 2049 2051
555 1 2052 2053
556 1 2052 2054
557 1 2055 2056
558 1 2055 2057
559 1 2058 2059
560 1 2058 2060
561 1 2061 2062
562 1 2061 2063
563 1 2064 2065
564 1 2064 2066
565 1 2067 2068
566 1 2067 2069
567 1 2070 2071
568 1 2070 2072
569 1 2073 2074
570 1 2073 2075
571 1 2076 2077
572 1 2076 2078
573 1 2079 2080
574 1 2079 2081
575 1 2082 2083
576 1 2082 2084
577 1 2085 2086
578 1 2085 2087
579 1 2088 2089
580 1 2088 2090
581 1 2091 2092
582 1 2091 2093
583 1 2094 2095
584 1 2094 2096
585 1 2097 2098
586 1 2097 2099
587 1 2100 2101
588 1 2100 2102
589 1 2103 2104
590 1 2103 2105
591 1 2106 2107
592 1 2106 2108
593 1 2109 2110
594 1 2109 2111
595 1 2112 2113
596 1 2112 2114
597 1 2115 2116
598 1 2115 2117
599 1 2118 2119
600 1 2118 2120
601 1 2121 2122
602 1 2121 2123
603 1 2124 2125
604 1 2124 2126
605 1 2127 2128
606 1 2127 2129
607 1 2130 2131
608 1 2130 2132
609 1 2133 2134
610 1 2133 2135
611 1 2136 2137
612 1 2136 2138
613 1 2139 2140
614 1 2139 2141
615 1 2142 2143
616 1 2142 2144
617 1 2145 2146
618 1 2145 2147
619 1 2148 2149
620 1 2148 2150
621 1 2151 2152
622 1 2151 2153
623 1 2154 2155
624 1 2154 2156
625 1 2157 2158
626 1 2157 2159
627 1 2160 2161
628 1 2160 2162
629 1 2163 2164
630 1 2163 2165
631 1 2166 2167
632 1 2166 2168
633 1 2169 2170
634 1 2169 2171
635 1 2172 2173
636 1 2172 2174
637 1 2175 2176
638 1 2175 2177
639 1 2178 2179
640 1 2178 2180
641 1 2181 2182
642 1 2181 2183
643 1 2184 2185
644 1 2184 2186
645 1 2187 2188
646 1 2187 2189
647 1 2190 2191
648 1 2190 2192
649 1 2193 2194
650 1 2193 2195
651 1 2196 2197
652 1 2196 2198
653 1 2199 2200
654 1 2199 2201
655 1 2202 2203
656 1 2202 2204
657 1 2205 2206
658 1 2205 2207
659 1 2208 2209
660 1 2208 2210
661 1 2211 2212
662 1 2211 2213
663 1 2214 2215
664 1 2214 2216
665 1 2217 2218
666 1 2217 2219
667 1 2220 2221
668 1 2220 2222
669 1 2223 2224
670 1 2223 2225
671 1 2226 2227
672 1 2226 2228
673 1 2229 2230
674 1 2229 2231
675 1 2232 2233
676 1 2232 2234
677 1 2235 2236
678 1 2235 2237
679 1 2238 2239
680 1 2238 2240
681 1 2241 2242
682 1 2241 2243
683 1 2244 2245
684 1 2244 2246
685 1 2247 2248
686 1 2247 2249
687 1 2250 2251
688 1 2250 2252
689 1 2253 2254
690 1 2253 2255
691 1 2256 2257
692 1 2256 2258
693 1 2259 2260
694 1 2259 2261
695 1 2262 2263
696 1 2262 2264
697 1 2265 2266
698 1 2265 2267
699 1 2268 2269
700 1 2268 2270
701 1 2271 2272
702 1 2271 2273
703 1 2274 2275
704 1 2274 2276
705 1 2277 2278
706 1 2277 2279
707 1 2280 2281
708 1 2280 2282
709 1 2283 2284
710 1 2283 2285
711 1 2286 2287
712 1 2286 2288
713 1 2289 2290
714 1 2289 2291
715 1 2292 2293
716 1 2292 2294
717 1 2295 2296
718 1 2295 2297
719 1 2298 2299
720 1 2298 2300
721 1 2301 2302
722 1 2301 2303
723 1 2304 2305
724 1 2304 2306
725 1 2307 2308
726 1 2307 2309
727 1 2310 2311
728 1 2310 2312
729 1 2313 2314
730 1 2313 2315
731 1 2316 2317
732 1 2316 2318
733 1 2319 2320
734 1 2319 2321
735 1 2322 2323
736 1 2322 2324
737 1 2325 2326
738 1 2325 2327
739 1 2328 2329
740 1 2328 2330
741 1 2331 2332
742 1 2331 2333
743 1 2334 2335
744 1 2334 2336
745 1 2337 2338
746 1 2337 2339
747 1 2340 2341
748 1 2340 2342
749 1 2343 2344
750 1 2343 2345
751 1 2346 2347
752 1 2346 2348
753 1 2349 2350
754 1 2349 2351
755 1 2352 2353
756 1 2352 2354
757 1 2355 2356
758 1 2355 2357
759 1 2358 2359
760 1 2358 2360
761 1 2361 2362
762 1 2361 2363
763 1 2364 2365
764 1 2364 2366
765 1 2367 2368
766 1 2367 2369
767 1 2370 2371
768 1 2370 2372
769 1 2373 2374
770 1 2373 2375
771 1 2376 2377
772 1 2376 2378
773 1 2379 2380
774 1 2379 2381
775 1 2382 2383
776 1 2382 2384
777 1 2385 2386
778 1 2385 2387
779 1 2388 2389
780 1 2388 2390
781 1 2391 2392
782 1 2391 2393
783 1 2394 2395
784 1 2394 2396
785 1 2397 2398
786 1 2397 2399
787 1 2400 2401
788 1 2400 2402
789 1 2403 2404
790 1 2403 2405
791 1 2406 2407
792 1 2406 2408
793 1 2409 2410
794 1 2409 2411
795 1 2412 2413
796 1 2412 2414
797 1 2415 2416
798 1 2415 2417
799 1 2418 2419
800 1 2418 2420
801 1 2421 2422
802 1 2421 2423
803 1 2424 2425
804 1 2424 2426
805 1 2427 2428
806 1 2427 2429
807 1 2430 2431
808 1 2430 2432
809 1 2433 2434
810 1 2433 2435
811 1 2436 2437
812 1 2436 2438
813 1 2439 2440
814 1 2439 2441
815 1 2442 2443
816 1 2442 2444
817 1 2445 2446
818 1 2445 2447
819 1 2448 2449
820 1 2448 2450
821 1 2451 2452
822 1 2451 2453
823 1 2454 2455
824 1 2454 2456
825 1 2457 2458
826 1 2457 2459
827 1 2460 2461
828 1 2460 2462
829 1 2463 2464
830 1 2463 2465
831 1 2466 2467
832 1 2466 2468
833 1 2469 2470
834 1 2469 2471
835 1 2472 2473
836 1 2472 2474
837 1 2475 2476
838 1 2475 2477
839 1 2478 2479
840 1 2478 2480
841 1 2481 2482
842 1 2481 2483
843 1 2484 2485
844 1 2484 2486
845 1 2487 2488
846 1 2487 2489
847 1 2490 2491
848 1 2490 2492
849 1 2493 2494
850 1 2493 2495
851 1 2496 2497
852 1 2496 2498
853 1 2499 2500
854 1 2499 2501
855 1 2502 2503
856 1 2502 2504
857 1 2505 2506
858 1 2505 2507
859 1 2508 2509
860 1 2508 2510
861 1 2511 2512
862 1 2511 2513
863 1 2514 2515
864 1 2514 2516
865 1 2517 2518
866 1 2517 2519
867 1 2520 2521
868 1 2520 2522
869 1 2523 2524
870 1 2523 2525
871 1 2526 2527
872 1 2526 2528
873 1 2529 2530
874 1 2529 2531
875 1 2532 2533
876 1 2532 2534
877 1 2535 2536
878 1 2535 2537
879 1 2538 2539
880 1 2538 2540
881 1 2541 2542
882 1 2541 2543
883 1 2544 2545
884 1 2544 2546
885 1 2547 2548
886 1 2547 2549
887 1 2550 2551
888 1 2550 2552
889 1 2553 2554
890 1 2553 2555
891 1 2556 2557
892 1 2556 2558
893 1 2559 2560
894 1 2559 2561
895 1 2562 2563
896 1 2562 2564
897 1 2565 2566
898 1 2565 2567
899 1 2568 2569
900 1 2568 2570
901 1 2571 2572
902 1 2571 2573
903 1 2574 2575
904 1 2574 2576
905 1 2577 2578
906 1 2577 2579
907 1 2580 2581
908 1 2580 2582
909 1 2583 2584
910 1 2583 2585
911 1 2586 2587
912 1 2586 2588
913 1 2589 2590
914 1 2589 2591
915 1 2592 2593
916 1 2592 2594
917 1 2595 2596
918 1 2595 2597
919 1 2598 2599
920 1 2598 2600
921 1 2601 2602
922 1 2601 2603
923 1 2604 2605
924 1 2604 2606
925 1 2607 2608
926 1 2607 2609
927 1 2610 2611
928 1 2610 2612
929 1 2613 2614
930 1 2613 2615
931 1 2616 2617
932 1 2616 2618
933 1 2619 2620
934 1 2619 2621
935 1 2622 2623
936 1 2622 2624
937 1 2625 2626
938 1 2625 2627
939 1 2628 2629
940 1 2628 2630
941 1 2631 2632
942 1 2631 2633
943 1 2634 2635
944 1 2634 2636
945 1 2637 2638
946 1 2637 2639
947 1 2640 2641
948 1 2640 2642
949 1 2643 2644
950 1 2643 2645
951 1 2646 2647
952 1 2646 2648
953 1 2649 2650
954 1 2649 2651
955 1 2652 2653
956 1 2652 2654
957 1 2655 2656
958 1 2655 2657
959 1 2658 2659
960 1 2658 2660
961 1 2661 2662
962 1 2661 2663
963 1 2664 2665
964 1 2664 2666
965 1 2667 2668
966 1 2667 2669
967 1 2670 2671
968 1 2670 2672
969 1 2673 2674
970 1 2673 2675
971 1 2676 2677
972 1 2676 2678
