1 1 2190 2189 2191
2 1 2193 2192 2194
3 1 2196 2195 2197
4 1 2199 2198 2200
5 1 2202 2201 2203
6 1 2205 2204 2206
7 1 2208 2207 2209
8 1 2211 2210 2212
9 1 2214 2213 2215
10 1 2217 2216 2218
11 1 2220 2219 2221
12 1 2223 2222 2224
13 1 2226 2225 2227
14 1 2229 2228 2230
15 1 2232 2231 2233
16 1 2235 2234 2236
17 1 2238 2237 2239
18 1 2241 2240 2242
19 1 2244 2243 2245
20 1 2247 2246 2248
21 1 2250 2249 2251
22 1 2253 2252 2254
23 1 2256 2255 2257
24 1 2259 2258 2260
25 1 2262 2261 2263
26 1 2265 2264 2266
27 1 2268 2267 2269
28 1 2271 2270 2272
29 1 2274 2273 2275
30 1 2277 2276 2278
31 1 2280 2279 2281
32 1 2283 2282 2284
33 1 2286 2285 2287
34 1 2289 2288 2290
35 1 2292 2291 2293
36 1 2295 2294 2296
37 1 2298 2297 2299
38 1 2301 2300 2302
39 1 2304 2303 2305
40 1 2307 2306 2308
41 1 2310 2309 2311
42 1 2313 2312 2314
43 1 2316 2315 2317
44 1 2319 2318 2320
45 1 2322 2321 2323
46 1 2325 2324 2326
47 1 2328 2327 2329
48 1 2331 2330 2332
49 1 2334 2333 2335
50 1 2337 2336 2338
51 1 2340 2339 2341
52 1 2343 2342 2344
53 1 2346 2345 2347
54 1 2349 2348 2350
55 1 2352 2351 2353
56 1 2355 2354 2356
57 1 2358 2357 2359
58 1 2361 2360 2362
59 1 2364 2363 2365
60 1 2367 2366 2368
61 1 2370 2369 2371
62 1 2373 2372 2374
63 1 2376 2375 2377
64 1 2379 2378 2380
65 1 2382 2381 2383
66 1 2385 2384 2386
67 1 2388 2387 2389
68 1 2391 2390 2392
69 1 2394 2393 2395
70 1 2397 2396 2398
71 1 2400 2399 2401
72 1 2403 2402 2404
73 1 2406 2405 2407
74 1 2409 2408 2410
75 1 2412 2411 2413
76 1 2415 2414 2416
77 1 2418 2417 2419
78 1 2421 2420 2422
79 1 2424 2423 2425
80 1 2427 2426 2428
81 1 2430 2429 2431
82 1 2433 2432 2434
83 1 2436 2435 2437
84 1 2439 2438 2440
85 1 2442 2441 2443
86 1 2445 2444 2446
87 1 2448 2447 2449
88 1 2451 2450 2452
89 1 2454 2453 2455
90 1 2457 2456 2458
91 1 2460 2459 2461
92 1 2463 2462 2464
93 1 2466 2465 2467
94 1 2469 2468 2470
95 1 2472 2471 2473
96 1 2475 2474 2476
97 1 2478 2477 2479
98 1 2481 2480 2482
99 1 2484 2483 2485
100 1 2487 2486 2488
101 1 2490 2489 2491
102 1 2493 2492 2494
103 1 2496 2495 2497
104 1 2499 2498 2500
105 1 2502 2501 2503
106 1 2505 2504 2506
107 1 2508 2507 2509
108 1 2511 2510 2512
109 1 2514 2513 2515
110 1 2517 2516 2518
111 1 2520 2519 2521
112 1 2523 2522 2524
113 1 2526 2525 2527
114 1 2529 2528 2530
115 1 2532 2531 2533
116 1 2535 2534 2536
117 1 2538 2537 2539
118 1 2541 2540 2542
119 1 2544 2543 2545
120 1 2547 2546 2548
121 1 2550 2549 2551
122 1 2553 2552 2554
123 1 2556 2555 2557
124 1 2559 2558 2560
125 1 2562 2561 2563
126 1 2565 2564 2566
127 1 2568 2567 2569
128 1 2571 2570 2572
129 1 2574 2573 2575
130 1 2577 2576 2578
131 1 2580 2579 2581
132 1 2583 2582 2584
133 1 2586 2585 2587
134 1 2589 2588 2590
135 1 2592 2591 2593
136 1 2595 2594 2596
137 1 2598 2597 2599
138 1 2601 2600 2602
139 1 2604 2603 2605
140 1 2607 2606 2608
141 1 2610 2609 2611
142 1 2613 2612 2614
143 1 2616 2615 2617
144 1 2619 2618 2620
145 1 2622 2621 2623
146 1 2625 2624 2626
147 1 2628 2627 2629
148 1 2631 2630 2632
149 1 2634 2633 2635
150 1 2637 2636 2638
151 1 2640 2639 2641
152 1 2643 2642 2644
153 1 2646 2645 2647
154 1 2649 2648 2650
155 1 2652 2651 2653
156 1 2655 2654 2656
157 1 2658 2657 2659
158 1 2661 2660 2662
159 1 2664 2663 2665
160 1 2667 2666 2668
161 1 2670 2669 2671
162 1 2673 2672 2674
163 1 2676 2675 2677
164 1 2679 2678 2680
165 1 2682 2681 2683
166 1 2685 2684 2686
167 1 2688 2687 2689
168 1 2691 2690 2692
169 1 2694 2693 2695
170 1 2697 2696 2698
171 1 2700 2699 2701
172 1 2703 2702 2704
173 1 2706 2705 2707
174 1 2709 2708 2710
175 1 2712 2711 2713
176 1 2715 2714 2716
177 1 2718 2717 2719
178 1 2721 2720 2722
179 1 2724 2723 2725
180 1 2727 2726 2728
181 1 2730 2729 2731
182 1 2733 2732 2734
183 1 2736 2735 2737
184 1 2739 2738 2740
185 1 2742 2741 2743
186 1 2745 2744 2746
187 1 2748 2747 2749
188 1 2751 2750 2752
189 1 2754 2753 2755
190 1 2757 2756 2758
191 1 2760 2759 2761
192 1 2763 2762 2764
193 1 2766 2765 2767
194 1 2769 2768 2770
195 1 2772 2771 2773
196 1 2775 2774 2776
197 1 2778 2777 2779
198 1 2781 2780 2782
199 1 2784 2783 2785
200 1 2787 2786 2788
201 1 2790 2789 2791
202 1 2793 2792 2794
203 1 2796 2795 2797
204 1 2799 2798 2800
205 1 2802 2801 2803
206 1 2805 2804 2806
207 1 2808 2807 2809
208 1 2811 2810 2812
209 1 2814 2813 2815
210 1 2817 2816 2818
211 1 2820 2819 2821
212 1 2823 2822 2824
213 1 2826 2825 2827
214 1 2829 2828 2830
215 1 2832 2831 2833
216 1 2835 2834 2836
217 1 2838 2837 2839
218 1 2841 2840 2842
219 1 2844 2843 2845
220 1 2847 2846 2848
221 1 2850 2849 2851
222 1 2853 2852 2854
223 1 2856 2855 2857
224 1 2859 2858 2860
225 1 2862 2861 2863
226 1 2865 2864 2866
227 1 2868 2867 2869
228 1 2871 2870 2872
229 1 2874 2873 2875
230 1 2877 2876 2878
231 1 2880 2879 2881
232 1 2883 2882 2884
233 1 2886 2885 2887
234 1 2889 2888 2890
235 1 2892 2891 2893
236 1 2895 2894 2896
237 1 2898 2897 2899
238 1 2901 2900 2902
239 1 2904 2903 2905
240 1 2907 2906 2908
241 1 2910 2909 2911
242 1 2913 2912 2914
243 1 2916 2915 2917
244 1 2919 2918 2920
245 1 2922 2921 2923
246 1 2925 2924 2926
247 1 2928 2927 2929
248 1 2931 2930 2932
249 1 2934 2933 2935
250 1 2937 2936 2938
251 1 2940 2939 2941
252 1 2943 2942 2944
253 1 2946 2945 2947
254 1 2949 2948 2950
255 1 2952 2951 2953
256 1 2955 2954 2956
257 1 2958 2957 2959
258 1 2961 2960 2962
259 1 2964 2963 2965
260 1 2967 2966 2968
261 1 2970 2969 2971
262 1 2973 2972 2974
263 1 2976 2975 2977
264 1 2979 2978 2980
265 1 2982 2981 2983
266 1 2985 2984 2986
267 1 2988 2987 2989
268 1 2991 2990 2992
269 1 2994 2993 2995
270 1 2997 2996 2998
271 1 3000 2999 3001
272 1 3003 3002 3004
273 1 3006 3005 3007
274 1 3009 3008 3010
275 1 3012 3011 3013
276 1 3015 3014 3016
277 1 3018 3017 3019
278 1 3021 3020 3022
279 1 3024 3023 3025
280 1 3027 3026 3028
281 1 3030 3029 3031
282 1 3033 3032 3034
283 1 3036 3035 3037
284 1 3039 3038 3040
285 1 3042 3041 3043
286 1 3045 3044 3046
287 1 3048 3047 3049
288 1 3051 3050 3052
289 1 3054 3053 3055
290 1 3057 3056 3058
291 1 3060 3059 3061
292 1 3063 3062 3064
293 1 3066 3065 3067
294 1 3069 3068 3070
295 1 3072 3071 3073
296 1 3075 3074 3076
297 1 3078 3077 3079
298 1 3081 3080 3082
299 1 3084 3083 3085
300 1 3087 3086 3088
301 1 3090 3089 3091
302 1 3093 3092 3094
303 1 3096 3095 3097
304 1 3099 3098 3100
305 1 3102 3101 3103
306 1 3105 3104 3106
307 1 3108 3107 3109
308 1 3111 3110 3112
309 1 3114 3113 3115
310 1 3117 3116 3118
311 1 3120 3119 3121
312 1 3123 3122 3124
313 1 3126 3125 3127
314 1 3129 3128 3130
315 1 3132 3131 3133
316 1 3135 3134 3136
317 1 3138 3137 3139
318 1 3141 3140 3142
319 1 3144 3143 3145
320 1 3147 3146 3148
321 1 3150 3149 3151
322 1 3153 3152 3154
323 1 3156 3155 3157
324 1 3159 3158 3160
325 1 3162 3161 3163
326 1 3165 3164 3166
327 1 3168 3167 3169
328 1 3171 3170 3172
329 1 3174 3173 3175
330 1 3177 3176 3178
331 1 3180 3179 3181
332 1 3183 3182 3184
333 1 3186 3185 3187
334 1 3189 3188 3190
335 1 3192 3191 3193
336 1 3195 3194 3196
337 1 3198 3197 3199
338 1 3201 3200 3202
339 1 3204 3203 3205
340 1 3207 3206 3208
341 1 3210 3209 3211
342 1 3213 3212 3214
343 1 3216 3215 3217
344 1 3219 3218 3220
345 1 3222 3221 3223
346 1 3225 3224 3226
347 1 3228 3227 3229
348 1 3231 3230 3232
349 1 3234 3233 3235
350 1 3237 3236 3238
351 1 3240 3239 3241
352 1 3243 3242 3244
353 1 3246 3245 3247
354 1 3249 3248 3250
355 1 3252 3251 3253
356 1 3255 3254 3256
357 1 3258 3257 3259
358 1 3261 3260 3262
359 1 3264 3263 3265
360 1 3267 3266 3268
361 1 3270 3269 3271
362 1 3273 3272 3274
363 1 3276 3275 3277
364 1 3279 3278 3280
365 1 3282 3281 3283
366 1 3285 3284 3286
367 1 3288 3287 3289
368 1 3291 3290 3292
369 1 3294 3293 3295
370 1 3297 3296 3298
371 1 3300 3299 3301
372 1 3303 3302 3304
373 1 3306 3305 3307
374 1 3309 3308 3310
375 1 3312 3311 3313
376 1 3315 3314 3316
377 1 3318 3317 3319
378 1 3321 3320 3322
379 1 3324 3323 3325
380 1 3327 3326 3328
381 1 3330 3329 3331
382 1 3333 3332 3334
383 1 3336 3335 3337
384 1 3339 3338 3340
385 1 3342 3341 3343
386 1 3345 3344 3346
387 1 3348 3347 3349
388 1 3351 3350 3352
389 1 3354 3353 3355
390 1 3357 3356 3358
391 1 3360 3359 3361
392 1 3363 3362 3364
393 1 3366 3365 3367
394 1 3369 3368 3370
395 1 3372 3371 3373
396 1 3375 3374 3376
397 1 3378 3377 3379
398 1 3381 3380 3382
399 1 3384 3383 3385
400 1 3387 3386 3388
401 1 3390 3389 3391
402 1 3393 3392 3394
403 1 3396 3395 3397
404 1 3399 3398 3400
405 1 3402 3401 3403
406 1 3405 3404 3406
407 1 3408 3407 3409
408 1 3411 3410 3412
409 1 3414 3413 3415
410 1 3417 3416 3418
411 1 3420 3419 3421
412 1 3423 3422 3424
413 1 3426 3425 3427
414 1 3429 3428 3430
415 1 3432 3431 3433
416 1 3435 3434 3436
417 1 3438 3437 3439
418 1 3441 3440 3442
419 1 3444 3443 3445
420 1 3447 3446 3448
421 1 3450 3449 3451
422 1 3453 3452 3454
423 1 3456 3455 3457
424 1 3459 3458 3460
425 1 3462 3461 3463
426 1 3465 3464 3466
427 1 3468 3467 3469
428 1 3471 3470 3472
429 1 3474 3473 3475
430 1 3477 3476 3478
431 1 3480 3479 3481
432 1 3483 3482 3484
433 1 3486 3485 3487
434 1 3489 3488 3490
435 1 3492 3491 3493
436 1 3495 3494 3496
437 1 3498 3497 3499
438 1 3501 3500 3502
439 1 3504 3503 3505
440 1 3507 3506 3508
441 1 3510 3509 3511
442 1 3513 3512 3514
443 1 3516 3515 3517
444 1 3519 3518 3520
445 1 3522 3521 3523
446 1 3525 3524 3526
447 1 3528 3527 3529
448 1 3531 3530 3532
449 1 3534 3533 3535
450 1 3537 3536 3538
451 1 3540 3539 3541
452 1 3543 3542 3544
453 1 3546 3545 3547
454 1 3549 3548 3550
455 1 3552 3551 3553
456 1 3555 3554 3556
457 1 3558 3557 3559
458 1 3561 3560 3562
459 1 3564 3563 3565
460 1 3567 3566 3568
461 1 3570 3569 3571
462 1 3573 3572 3574
463 1 3576 3575 3577
464 1 3579 3578 3580
465 1 3582 3581 3583
466 1 3585 3584 3586
467 1 3588 3587 3589
468 1 3591 3590 3592
469 1 3594 3593 3595
470 1 3597 3596 3598
471 1 3600 3599 3601
472 1 3603 3602 3604
473 1 3606 3605 3607
474 1 3609 3608 3610
475 1 3612 3611 3613
476 1 3615 3614 3616
477 1 3618 3617 3619
478 1 3621 3620 3622
479 1 3624 3623 3625
480 1 3627 3626 3628
481 1 3630 3629 3631
482 1 3633 3632 3634
483 1 3636 3635 3637
484 1 3639 3638 3640
485 1 3642 3641 3643
486 1 3645 3644 3646
487 1 3648 3647 3649
488 1 3651 3650 3652
489 1 3654 3653 3655
490 1 3657 3656 3658
491 1 3660 3659 3661
492 1 3663 3662 3664
493 1 3666 3665 3667
494 1 3669 3668 3670
495 1 3672 3671 3673
496 1 3675 3674 3676
497 1 3678 3677 3679
498 1 3681 3680 3682
499 1 3684 3683 3685
500 1 3687 3686 3688
501 1 3690 3689 3691
502 1 3693 3692 3694
503 1 3696 3695 3697
504 1 3699 3698 3700
505 1 3702 3701 3703
506 1 3705 3704 3706
507 1 3708 3707 3709
508 1 3711 3710 3712
509 1 3714 3713 3715
510 1 3717 3716 3718
511 1 3720 3719 3721
512 1 3723 3722 3724
513 1 3726 3725 3727
514 1 3729 3728 3730
515 1 3732 3731 3733
516 1 3735 3734 3736
517 1 3738 3737 3739
518 1 3741 3740 3742
519 1 3744 3743 3745
520 1 3747 3746 3748
521 1 3750 3749 3751
522 1 3753 3752 3754
523 1 3756 3755 3757
524 1 3759 3758 3760
525 1 3762 3761 3763
526 1 3765 3764 3766
527 1 3768 3767 3769
528 1 3771 3770 3772
529 1 3774 3773 3775
530 1 3777 3776 3778
531 1 3780 3779 3781
532 1 3783 3782 3784
533 1 3786 3785 3787
534 1 3789 3788 3790
535 1 3792 3791 3793
536 1 3795 3794 3796
537 1 3798 3797 3799
538 1 3801 3800 3802
539 1 3804 3803 3805
540 1 3807 3806 3808
541 1 3810 3809 3811
542 1 3813 3812 3814
543 1 3816 3815 3817
544 1 3819 3818 3820
545 1 3822 3821 3823
546 1 3825 3824 3826
547 1 3828 3827 3829
548 1 3831 3830 3832
549 1 3834 3833 3835
550 1 3837 3836 3838
551 1 3840 3839 3841
552 1 3843 3842 3844
553 1 3846 3845 3847
554 1 3849 3848 3850
555 1 3852 3851 3853
556 1 3855 3854 3856
557 1 3858 3857 3859
558 1 3861 3860 3862
559 1 3864 3863 3865
560 1 3867 3866 3868
561 1 3870 3869 3871
562 1 3873 3872 3874
563 1 3876 3875 3877
564 1 3879 3878 3880
565 1 3882 3881 3883
566 1 3885 3884 3886
567 1 3888 3887 3889
568 1 3891 3890 3892
569 1 3894 3893 3895
570 1 3897 3896 3898
571 1 3900 3899 3901
572 1 3903 3902 3904
573 1 3906 3905 3907
574 1 3909 3908 3910
575 1 3912 3911 3913
576 1 3915 3914 3916
577 1 3918 3917 3919
578 1 3921 3920 3922
579 1 3924 3923 3925
580 1 3927 3926 3928
581 1 3930 3929 3931
582 1 3933 3932 3934
583 1 3936 3935 3937
584 1 3939 3938 3940
585 1 3942 3941 3943
586 1 3945 3944 3946
587 1 3948 3947 3949
588 1 3951 3950 3952
589 1 3954 3953 3955
590 1 3957 3956 3958
591 1 3960 3959 3961
592 1 3963 3962 3964
593 1 3966 3965 3967
594 1 3969 3968 3970
595 1 3972 3971 3973
596 1 3975 3974 3976
597 1 3978 3977 3979
598 1 3981 3980 3982
599 1 3984 3983 3985
600 1 3987 3986 3988
601 1 3990 3989 3991
602 1 3993 3992 3994
603 1 3996 3995 3997
604 1 3999 3998 4000
605 1 4002 4001 4003
606 1 4005 4004 4006
607 1 4008 4007 4009
608 1 4011 4010 4012
609 1 4014 4013 4015
610 1 4017 4016 4018
611 1 4020 4019 4021
612 1 4023 4022 4024
613 1 4026 4025 4027
614 1 4029 4028 4030
615 1 4032 4031 4033
616 1 4035 4034 4036
617 1 4038 4037 4039
618 1 4041 4040 4042
619 1 4044 4043 4045
620 1 4047 4046 4048
621 1 4050 4049 4051
622 1 4053 4052 4054
623 1 4056 4055 4057
624 1 4059 4058 4060
625 1 4062 4061 4063
626 1 4065 4064 4066
627 1 4068 4067 4069
628 1 4071 4070 4072
629 1 4074 4073 4075
630 1 4077 4076 4078
631 1 4080 4079 4081
632 1 4083 4082 4084
633 1 4086 4085 4087
634 1 4089 4088 4090
635 1 4092 4091 4093
636 1 4095 4094 4096
637 1 4098 4097 4099
638 1 4101 4100 4102
639 1 4104 4103 4105
640 1 4107 4106 4108
641 1 4110 4109 4111
642 1 4113 4112 4114
643 1 4116 4115 4117
644 1 4119 4118 4120
645 1 4122 4121 4123
646 1 4125 4124 4126
647 1 4128 4127 4129
648 1 4131 4130 4132
649 1 4134 4133 4135
650 1 4137 4136 4138
651 1 4140 4139 4141
652 1 4143 4142 4144
653 1 4146 4145 4147
654 1 4149 4148 4150
655 1 4152 4151 4153
656 1 4155 4154 4156
657 1 4158 4157 4159
658 1 4161 4160 4162
659 1 4164 4163 4165
660 1 4167 4166 4168
661 1 4170 4169 4171
662 1 4173 4172 4174
663 1 4176 4175 4177
664 1 4179 4178 4180
665 1 4182 4181 4183
666 1 4185 4184 4186
667 1 4188 4187 4189
668 1 4191 4190 4192
669 1 4194 4193 4195
670 1 4197 4196 4198
671 1 4200 4199 4201
672 1 4203 4202 4204
673 1 4206 4205 4207
674 1 4209 4208 4210
675 1 4212 4211 4213
676 1 4215 4214 4216
677 1 4218 4217 4219
678 1 4221 4220 4222
679 1 4224 4223 4225
680 1 4227 4226 4228
681 1 4230 4229 4231
682 1 4233 4232 4234
683 1 4236 4235 4237
684 1 4239 4238 4240
685 1 4242 4241 4243
686 1 4245 4244 4246
687 1 4248 4247 4249
688 1 4251 4250 4252
689 1 4254 4253 4255
690 1 4257 4256 4258
691 1 4260 4259 4261
692 1 4263 4262 4264
693 1 4266 4265 4267
694 1 4269 4268 4270
695 1 4272 4271 4273
696 1 4275 4274 4276
697 1 4278 4277 4279
698 1 4281 4280 4282
699 1 4284 4283 4285
700 1 4287 4286 4288
701 1 4290 4289 4291
702 1 4293 4292 4294
703 1 4296 4295 4297
704 1 4299 4298 4300
705 1 4302 4301 4303
706 1 4305 4304 4306
707 1 4308 4307 4309
708 1 4311 4310 4312
709 1 4314 4313 4315
710 1 4317 4316 4318
711 1 4320 4319 4321
712 1 4323 4322 4324
713 1 4326 4325 4327
714 1 4329 4328 4330
715 1 4332 4331 4333
716 1 4335 4334 4336
717 1 4338 4337 4339
718 1 4341 4340 4342
719 1 4344 4343 4345
720 1 4347 4346 4348
721 1 4350 4349 4351
722 1 4353 4352 4354
723 1 4356 4355 4357
724 1 4359 4358 4360
725 1 4362 4361 4363
726 1 4365 4364 4366
727 1 4368 4367 4369
728 1 4371 4370 4372
729 1 4374 4373 4375
730 1 4377 4376 4378
731 1 4380 4379 4381
732 1 4383 4382 4384
733 1 4386 4385 4387
734 1 4389 4388 4390
735 1 4392 4391 4393
736 1 4395 4394 4396
737 1 4398 4397 4399
738 1 4401 4400 4402
739 1 4404 4403 4405
740 1 4407 4406 4408
741 1 4410 4409 4411
742 1 4413 4412 4414
743 1 4416 4415 4417
744 1 4419 4418 4420
745 1 4422 4421 4423
746 1 4425 4424 4426
747 1 4428 4427 4429
748 1 4431 4430 4432
749 1 4434 4433 4435
750 1 4437 4436 4438
751 1 4440 4439 4441
752 1 4443 4442 4444
753 1 4446 4445 4447
754 1 4449 4448 4450
755 1 4452 4451 4453
756 1 4455 4454 4456
757 1 4458 4457 4459
758 1 4461 4460 4462
759 1 4464 4463 4465
760 1 4467 4466 4468
761 1 4470 4469 4471
762 1 4473 4472 4474
763 1 4476 4475 4477
764 1 4479 4478 4480
765 1 4482 4481 4483
766 1 4485 4484 4486
767 1 4488 4487 4489
768 1 4491 4490 4492
769 1 4494 4493 4495
770 1 4497 4496 4498
771 1 4500 4499 4501
772 1 4503 4502 4504
773 1 4506 4505 4507
774 1 4509 4508 4510
775 1 4512 4511 4513
776 1 4515 4514 4516
777 1 4518 4517 4519
778 1 4521 4520 4522
779 1 4524 4523 4525
780 1 4527 4526 4528
781 1 4530 4529 4531
782 1 4533 4532 4534
783 1 4536 4535 4537
784 1 4539 4538 4540
785 1 4542 4541 4543
786 1 4545 4544 4546
787 1 4548 4547 4549
788 1 4551 4550 4552
789 1 4554 4553 4555
790 1 4557 4556 4558
791 1 4560 4559 4561
792 1 4563 4562 4564
793 1 4566 4565 4567
794 1 4569 4568 4570
795 1 4572 4571 4573
796 1 4575 4574 4576
797 1 4578 4577 4579
798 1 4581 4580 4582
799 1 4584 4583 4585
800 1 4587 4586 4588
801 1 4590 4589 4591
802 1 4593 4592 4594
803 1 4596 4595 4597
804 1 4599 4598 4600
805 1 4602 4601 4603
806 1 4605 4604 4606
807 1 4608 4607 4609
808 1 4611 4610 4612
809 1 4614 4613 4615
810 1 4617 4616 4618
811 1 4620 4619 4621
812 1 4623 4622 4624
813 1 4626 4625 4627
814 1 4629 4628 4630
815 1 4632 4631 4633
816 1 4635 4634 4636
817 1 4638 4637 4639
818 1 4641 4640 4642
819 1 4644 4643 4645
820 1 4647 4646 4648
821 1 4650 4649 4651
822 1 4653 4652 4654
823 1 4656 4655 4657
824 1 4659 4658 4660
825 1 4662 4661 4663
826 1 4665 4664 4666
827 1 4668 4667 4669
828 1 4671 4670 4672
829 1 4674 4673 4675
830 1 4677 4676 4678
831 1 4680 4679 4681
832 1 4683 4682 4684
833 1 4686 4685 4687
834 1 4689 4688 4690
835 1 4692 4691 4693
836 1 4695 4694 4696
837 1 4698 4697 4699
838 1 4701 4700 4702
839 1 4704 4703 4705
840 1 4707 4706 4708
841 1 4710 4709 4711
842 1 4713 4712 4714
843 1 4716 4715 4717
844 1 4719 4718 4720
845 1 4722 4721 4723
846 1 4725 4724 4726
847 1 4728 4727 4729
848 1 4731 4730 4732
849 1 4734 4733 4735
850 1 4737 4736 4738
851 1 4740 4739 4741
852 1 4743 4742 4744
853 1 4746 4745 4747
854 1 4749 4748 4750
855 1 4752 4751 4753
856 1 4755 4754 4756
857 1 4758 4757 4759
858 1 4761 4760 4762
859 1 4764 4763 4765
860 1 4767 4766 4768
861 1 4770 4769 4771
862 1 4773 4772 4774
863 1 4776 4775 4777
864 1 4779 4778 4780
865 1 4782 4781 4783
866 1 4785 4784 4786
867 1 4788 4787 4789
868 1 4791 4790 4792
869 1 4794 4793 4795
870 1 4797 4796 4798
871 1 4800 4799 4801
872 1 4803 4802 4804
873 1 4806 4805 4807
874 1 4809 4808 4810
875 1 4812 4811 4813
876 1 4815 4814 4816
877 1 4818 4817 4819
878 1 4821 4820 4822
879 1 4824 4823 4825
880 1 4827 4826 4828
881 1 4830 4829 4831
882 1 4833 4832 4834
883 1 4836 4835 4837
884 1 4839 4838 4840
885 1 4842 4841 4843
886 1 4845 4844 4846
887 1 4848 4847 4849
888 1 4851 4850 4852
889 1 4854 4853 4855
890 1 4857 4856 4858
891 1 4860 4859 4861
892 1 4863 4862 4864
893 1 4866 4865 4867
894 1 4869 4868 4870
895 1 4872 4871 4873
896 1 4875 4874 4876
897 1 4878 4877 4879
898 1 4881 4880 4882
899 1 4884 4883 4885
900 1 4887 4886 4888
901 1 4890 4889 4891
902 1 4893 4892 4894
903 1 4896 4895 4897
904 1 4899 4898 4900
905 1 4902 4901 4903
906 1 4905 4904 4906
907 1 4908 4907 4909
908 1 4911 4910 4912
909 1 4914 4913 4915
910 1 4917 4916 4918
911 1 4920 4919 4921
912 1 4923 4922 4924
913 1 4926 4925 4927
914 1 4929 4928 4930
915 1 4932 4931 4933
916 1 4935 4934 4936
917 1 4938 4937 4939
918 1 4941 4940 4942
919 1 4944 4943 4945
920 1 4947 4946 4948
921 1 4950 4949 4951
922 1 4953 4952 4954
923 1 4956 4955 4957
924 1 4959 4958 4960
925 1 4962 4961 4963
926 1 4965 4964 4966
927 1 4968 4967 4969
928 1 4971 4970 4972
929 1 4974 4973 4975
930 1 4977 4976 4978
931 1 4980 4979 4981
932 1 4983 4982 4984
933 1 4986 4985 4987
934 1 4989 4988 4990
935 1 4992 4991 4993
936 1 4995 4994 4996
937 1 4998 4997 4999
938 1 5001 5000 5002
939 1 5004 5003 5005
940 1 5007 5006 5008
941 1 5010 5009 5011
942 1 5013 5012 5014
943 1 5016 5015 5017
944 1 5019 5018 5020
945 1 5022 5021 5023
946 1 5025 5024 5026
947 1 5028 5027 5029
948 1 5031 5030 5032
949 1 5034 5033 5035
950 1 5037 5036 5038
951 1 5040 5039 5041
952 1 5043 5042 5044
953 1 5046 5045 5047
954 1 5049 5048 5050
955 1 5052 5051 5053
956 1 5055 5054 5056
957 1 5058 5057 5059
958 1 5061 5060 5062
959 1 5064 5063 5065
960 1 5067 5066 5068
961 1 5070 5069 5071
962 1 5073 5072 5074
963 1 5076 5075 5077
964 1 5079 5078 5080
965 1 5082 5081 5083
966 1 5085 5084 5086
967 1 5088 5087 5089
968 1 5091 5090 5092
969 1 5094 5093 5095
970 1 5097 5096 5098
971 1 5100 5099 5101
972 1 5103 5102 5104
973 1 5106 5105 5107
974 1 5109 5108 5110
975 1 5112 5111 5113
976 1 5115 5114 5116
977 1 5118 5117 5119
978 1 5121 5120 5122
979 1 5124 5123 5125
980 1 5127 5126 5128
981 1 5130 5129 5131
982 1 5133 5132 5134
983 1 5136 5135 5137
984 1 5139 5138 5140
985 1 5142 5141 5143
986 1 5145 5144 5146
987 1 5148 5147 5149
988 1 5151 5150 5152
989 1 5154 5153 5155
990 1 5157 5156 5158
991 1 5160 5159 5161
992 1 5163 5162 5164
993 1 5166 5165 5167
994 1 5169 5168 5170
995 1 5172 5171 5173
996 1 5175 5174 5176
997 1 5178 5177 5179
998 1 5181 5180 5182
999 1 5184 5183 5185
1000 1 5187 5186 5188
1001 1 5190 5189 5191
1002 1 5193 5192 5194
1003 1 5196 5195 5197
1004 1 5199 5198 5200
1005 1 5202 5201 5203
1006 1 5205 5204 5206
1007 1 5208 5207 5209
1008 1 5211 5210 5212
1009 1 5214 5213 5215
1010 1 5217 5216 5218
1011 1 5220 5219 5221
1012 1 5223 5222 5224
1013 1 5226 5225 5227
1014 1 5229 5228 5230
1015 1 5232 5231 5233
1016 1 5235 5234 5236
1017 1 5238 5237 5239
1018 1 5241 5240 5242
1019 1 5244 5243 5245
1020 1 5247 5246 5248
1021 1 5250 5249 5251
1022 1 5253 5252 5254
1023 1 5256 5255 5257
1024 1 5259 5258 5260
1025 1 5262 5261 5263
1026 1 5265 5264 5266
1027 1 5268 5267 5269
1028 1 5271 5270 5272
1029 1 5274 5273 5275
1030 1 5277 5276 5278
1031 1 5280 5279 5281
1032 1 5283 5282 5284
1033 1 5286 5285 5287
1034 1 5289 5288 5290
1035 1 5292 5291 5293
1036 1 5295 5294 5296
1037 1 5298 5297 5299
1038 1 5301 5300 5302
1039 1 5304 5303 5305
1040 1 5307 5306 5308
1041 1 5310 5309 5311
1042 1 5313 5312 5314
1043 1 5316 5315 5317
1044 1 5319 5318 5320
1045 1 5322 5321 5323
1046 1 5325 5324 5326
1047 1 5328 5327 5329
1048 1 5331 5330 5332
1049 1 5334 5333 5335
1050 1 5337 5336 5338
1051 1 5340 5339 5341
1052 1 5343 5342 5344
1053 1 5346 5345 5347
1054 1 5349 5348 5350
1055 1 5352 5351 5353
1056 1 5355 5354 5356
1057 1 5358 5357 5359
1058 1 5361 5360 5362
1059 1 5364 5363 5365
1060 1 5367 5366 5368
1061 1 5370 5369 5371
1062 1 5373 5372 5374
1063 1 5376 5375 5377
1064 1 5379 5378 5380
1065 1 5382 5381 5383
1066 1 5385 5384 5386
1067 1 5388 5387 5389
1068 1 5391 5390 5392
1069 1 5394 5393 5395
1070 1 5397 5396 5398
1071 1 5400 5399 5401
1072 1 5403 5402 5404
1073 1 5406 5405 5407
1074 1 5409 5408 5410
1075 1 5412 5411 5413
1076 1 5415 5414 5416
1077 1 5418 5417 5419
1078 1 5421 5420 5422
1079 1 5424 5423 5425
1080 1 5427 5426 5428
1081 1 5430 5429 5431
1082 1 5433 5432 5434
1083 1 5436 5435 5437
1084 1 5439 5438 5440
1085 1 5442 5441 5443
1086 1 5445 5444 5446
1087 1 5448 5447 5449
1088 1 5451 5450 5452
1089 1 5454 5453 5455
1090 1 5457 5456 5458
1091 1 5460 5459 5461
1092 1 5463 5462 5464
1093 1 5466 5465 5467
1094 1 5469 5468 5470
1095 1 5472 5471 5473
1096 1 5475 5474 5476
1097 1 5478 5477 5479
1098 1 5481 5480 5482
1099 1 5484 5483 5485
1100 1 5487 5486 5488
1101 1 5490 5489 5491
1102 1 5493 5492 5494
1103 1 5496 5495 5497
1104 1 5499 5498 5500
1105 1 5502 5501 5503
1106 1 5505 5504 5506
1107 1 5508 5507 5509
1108 1 5511 5510 5512
1109 1 5514 5513 5515
1110 1 5517 5516 5518
1111 1 5520 5519 5521
1112 1 5523 5522 5524
1113 1 5526 5525 5527
1114 1 5529 5528 5530
1115 1 5532 5531 5533
1116 1 5535 5534 5536
1117 1 5538 5537 5539
1118 1 5541 5540 5542
1119 1 5544 5543 5545
1120 1 5547 5546 5548
1121 1 5550 5549 5551
1122 1 5553 5552 5554
1123 1 5556 5555 5557
1124 1 5559 5558 5560
1125 1 5562 5561 5563
1126 1 5565 5564 5566
1127 1 5568 5567 5569
1128 1 5571 5570 5572
1129 1 5574 5573 5575
1130 1 5577 5576 5578
1131 1 5580 5579 5581
1132 1 5583 5582 5584
1133 1 5586 5585 5587
1134 1 5589 5588 5590
1135 1 5592 5591 5593
1136 1 5595 5594 5596
1137 1 5598 5597 5599
1138 1 5601 5600 5602
1139 1 5604 5603 5605
1140 1 5607 5606 5608
1141 1 5610 5609 5611
1142 1 5613 5612 5614
1143 1 5616 5615 5617
1144 1 5619 5618 5620
1145 1 5622 5621 5623
1146 1 5625 5624 5626
1147 1 5628 5627 5629
1148 1 5631 5630 5632
1149 1 5634 5633 5635
1150 1 5637 5636 5638
1151 1 5640 5639 5641
1152 1 5643 5642 5644
1153 1 5646 5645 5647
1154 1 5649 5648 5650
1155 1 5652 5651 5653
1156 1 5655 5654 5656
1157 1 5658 5657 5659
1158 1 5661 5660 5662
1159 1 5664 5663 5665
1160 1 5667 5666 5668
1161 1 5670 5669 5671
1162 1 5673 5672 5674
1163 1 5676 5675 5677
1164 1 5679 5678 5680
1165 1 5682 5681 5683
1166 1 5685 5684 5686
1167 1 5688 5687 5689
1168 1 5691 5690 5692
1169 1 5694 5693 5695
1170 1 5697 5696 5698
1171 1 5700 5699 5701
1172 1 5703 5702 5704
1173 1 5706 5705 5707
1174 1 5709 5708 5710
1175 1 5712 5711 5713
1176 1 5715 5714 5716
1177 1 5718 5717 5719
1178 1 5721 5720 5722
1179 1 5724 5723 5725
1180 1 5727 5726 5728
1181 1 5730 5729 5731
1182 1 5733 5732 5734
1183 1 5736 5735 5737
1184 1 5739 5738 5740
1185 1 5742 5741 5743
1186 1 5745 5744 5746
1187 1 5748 5747 5749
1188 1 5751 5750 5752
1189 1 5754 5753 5755
1190 1 5757 5756 5758
1191 1 5760 5759 5761
1192 1 5763 5762 5764
1193 1 5766 5765 5767
1194 1 5769 5768 5770
1195 1 5772 5771 5773
1196 1 5775 5774 5776
1197 1 5778 5777 5779
1198 1 5781 5780 5782
1199 1 5784 5783 5785
1200 1 5787 5786 5788
1201 1 5790 5789 5791
1202 1 5793 5792 5794
1203 1 5796 5795 5797
1204 1 5799 5798 5800
1205 1 5802 5801 5803
1206 1 5805 5804 5806
1207 1 5808 5807 5809
1208 1 5811 5810 5812
1209 1 5814 5813 5815
1210 1 5817 5816 5818
1211 1 5820 5819 5821
1212 1 5823 5822 5824
1213 1 5826 5825 5827
1214 1 5829 5828 5830
1215 1 5832 5831 5833
1216 1 5835 5834 5836
1217 1 5838 5837 5839
1218 1 5841 5840 5842
1219 1 5844 5843 5845
1220 1 5847 5846 5848
1221 1 5850 5849 5851
1222 1 5853 5852 5854
1223 1 5856 5855 5857
1224 1 5859 5858 5860
1225 1 5862 5861 5863
1226 1 5865 5864 5866
1227 1 5868 5867 5869
1228 1 5871 5870 5872
1229 1 5874 5873 5875
1230 1 5877 5876 5878
1231 1 5880 5879 5881
1232 1 5883 5882 5884
1233 1 5886 5885 5887
1234 1 5889 5888 5890
1235 1 5892 5891 5893
1236 1 5895 5894 5896
1237 1 5898 5897 5899
1238 1 5901 5900 5902
1239 1 5904 5903 5905
1240 1 5907 5906 5908
1241 1 5910 5909 5911
1242 1 5913 5912 5914
1243 1 5916 5915 5917
1244 1 5919 5918 5920
1245 1 5922 5921 5923
1246 1 5925 5924 5926
1247 1 5928 5927 5929
1248 1 5931 5930 5932
1249 1 5934 5933 5935
1250 1 5937 5936 5938
1251 1 5940 5939 5941
1252 1 5943 5942 5944
1253 1 5946 5945 5947
1254 1 5949 5948 5950
1255 1 5952 5951 5953
1256 1 5955 5954 5956
1257 1 5958 5957 5959
1258 1 5961 5960 5962
1259 1 5964 5963 5965
1260 1 5967 5966 5968
1261 1 5970 5969 5971
1262 1 5973 5972 5974
1263 1 5976 5975 5977
1264 1 5979 5978 5980
1265 1 5982 5981 5983
1266 1 5985 5984 5986
1267 1 5988 5987 5989
1268 1 5991 5990 5992
1269 1 5994 5993 5995
1270 1 5997 5996 5998
1271 1 6000 5999 6001
1272 1 6003 6002 6004
1273 1 6006 6005 6007
1274 1 6009 6008 6010
1275 1 6012 6011 6013
1276 1 6015 6014 6016
1277 1 6018 6017 6019
1278 1 6021 6020 6022
1279 1 6024 6023 6025
1280 1 6027 6026 6028
1281 1 6030 6029 6031
1282 1 6033 6032 6034
1283 1 6036 6035 6037
1284 1 6039 6038 6040
1285 1 6042 6041 6043
1286 1 6045 6044 6046
1287 1 6048 6047 6049
1288 1 6051 6050 6052
1289 1 6054 6053 6055
1290 1 6057 6056 6058
1291 1 6060 6059 6061
1292 1 6063 6062 6064
1293 1 6066 6065 6067
1294 1 6069 6068 6070
1295 1 6072 6071 6073
1296 1 6075 6074 6076
1297 1 6078 6077 6079
1298 1 6081 6080 6082
1299 1 6084 6083 6085
1300 1 6087 6086 6088
1301 1 6090 6089 6091
1302 1 6093 6092 6094
1303 1 6096 6095 6097
1304 1 6099 6098 6100
1305 1 6102 6101 6103
1306 1 6105 6104 6106
1307 1 6108 6107 6109
1308 1 6111 6110 6112
1309 1 6114 6113 6115
1310 1 6117 6116 6118
1311 1 6120 6119 6121
1312 1 6123 6122 6124
1313 1 6126 6125 6127
1314 1 6129 6128 6130
1315 1 6132 6131 6133
1316 1 6135 6134 6136
1317 1 6138 6137 6139
1318 1 6141 6140 6142
1319 1 6144 6143 6145
1320 1 6147 6146 6148
1321 1 6150 6149 6151
1322 1 6153 6152 6154
1323 1 6156 6155 6157
1324 1 6159 6158 6160
1325 1 6162 6161 6163
1326 1 6165 6164 6166
1327 1 6168 6167 6169
1328 1 6171 6170 6172
1329 1 6174 6173 6175
1330 1 6177 6176 6178
1331 1 6180 6179 6181
1332 1 6183 6182 6184
1333 1 6186 6185 6187
1334 1 6189 6188 6190
1335 1 6192 6191 6193
1336 1 6195 6194 6196
1337 1 6198 6197 6199
1338 1 6201 6200 6202
1339 1 6204 6203 6205
1340 1 6207 6206 6208
1341 1 6210 6209 6211
1342 1 6213 6212 6214
1343 1 6216 6215 6217
1344 1 6219 6218 6220
1345 1 6222 6221 6223
1346 1 6225 6224 6226
1347 1 6228 6227 6229
1348 1 6231 6230 6232
1349 1 6234 6233 6235
1350 1 6237 6236 6238
1351 1 6240 6239 6241
1352 1 6243 6242 6244
1353 1 6246 6245 6247
1354 1 6249 6248 6250
1355 1 6252 6251 6253
1356 1 6255 6254 6256
1357 1 6258 6257 6259
1358 1 6261 6260 6262
1359 1 6264 6263 6265
1360 1 6267 6266 6268
1361 1 6270 6269 6271
1362 1 6273 6272 6274
1363 1 6276 6275 6277
1364 1 6279 6278 6280
1365 1 6282 6281 6283
1366 1 6285 6284 6286
1367 1 6288 6287 6289
1368 1 6291 6290 6292
1369 1 6294 6293 6295
1370 1 6297 6296 6298
1371 1 6300 6299 6301
1372 1 6303 6302 6304
1373 1 6306 6305 6307
1374 1 6309 6308 6310
1375 1 6312 6311 6313
1376 1 6315 6314 6316
1377 1 6318 6317 6319
1378 1 6321 6320 6322
1379 1 6324 6323 6325
1380 1 6327 6326 6328
1381 1 6330 6329 6331
1382 1 6333 6332 6334
1383 1 6336 6335 6337
1384 1 6339 6338 6340
1385 1 6342 6341 6343
1386 1 6345 6344 6346
1387 1 6348 6347 6349
1388 1 6351 6350 6352
1389 1 6354 6353 6355
1390 1 6357 6356 6358
1391 1 6360 6359 6361
1392 1 6363 6362 6364
1393 1 6366 6365 6367
1394 1 6369 6368 6370
1395 1 6372 6371 6373
1396 1 6375 6374 6376
1397 1 6378 6377 6379
1398 1 6381 6380 6382
1399 1 6384 6383 6385
1400 1 6387 6386 6388
1401 1 6390 6389 6391
1402 1 6393 6392 6394
1403 1 6396 6395 6397
1404 1 6399 6398 6400
1405 1 6402 6401 6403
1406 1 6405 6404 6406
1407 1 6408 6407 6409
1408 1 6411 6410 6412
1409 1 6414 6413 6415
1410 1 6417 6416 6418
1411 1 6420 6419 6421
1412 1 6423 6422 6424
1413 1 6426 6425 6427
1414 1 6429 6428 6430
1415 1 6432 6431 6433
1416 1 6435 6434 6436
1417 1 6438 6437 6439
1418 1 6441 6440 6442
1419 1 6444 6443 6445
1420 1 6447 6446 6448
1421 1 6450 6449 6451
1422 1 6453 6452 6454
1423 1 6456 6455 6457
1424 1 6459 6458 6460
1425 1 6462 6461 6463
1426 1 6465 6464 6466
1427 1 6468 6467 6469
1428 1 6471 6470 6472
1429 1 6474 6473 6475
1430 1 6477 6476 6478
1431 1 6480 6479 6481
1432 1 6483 6482 6484
1433 1 6486 6485 6487
1434 1 6489 6488 6490
1435 1 6492 6491 6493
1436 1 6495 6494 6496
1437 1 6498 6497 6499
1438 1 6501 6500 6502
1439 1 6504 6503 6505
1440 1 6507 6506 6508
1441 1 6510 6509 6511
1442 1 6513 6512 6514
1443 1 6516 6515 6517
1444 1 6519 6518 6520
1445 1 6522 6521 6523
1446 1 6525 6524 6526
1447 1 6528 6527 6529
1448 1 6531 6530 6532
1449 1 6534 6533 6535
1450 1 6537 6536 6538
1451 1 6540 6539 6541
1452 1 6543 6542 6544
1453 1 6546 6545 6547
1454 1 6549 6548 6550
1455 1 6552 6551 6553
1456 1 6555 6554 6556
1457 1 6558 6557 6559
1458 1 6561 6560 6562
1459 1 6564 6563 6565
1460 1 6567 6566 6568
1461 1 6570 6569 6571
1462 1 6573 6572 6574
1463 1 6576 6575 6577
1464 1 6579 6578 6580
1465 1 6582 6581 6583
1466 1 6585 6584 6586
1467 1 6588 6587 6589
1468 1 6591 6590 6592
1469 1 6594 6593 6595
1470 1 6597 6596 6598
1471 1 6600 6599 6601
1472 1 6603 6602 6604
1473 1 6606 6605 6607
1474 1 6609 6608 6610
1475 1 6612 6611 6613
1476 1 6615 6614 6616
1477 1 6618 6617 6619
1478 1 6621 6620 6622
1479 1 6624 6623 6625
1480 1 6627 6626 6628
1481 1 6630 6629 6631
1482 1 6633 6632 6634
1483 1 6636 6635 6637
1484 1 6639 6638 6640
1485 1 6642 6641 6643
1486 1 6645 6644 6646
1487 1 6648 6647 6649
1488 1 6651 6650 6652
1489 1 6654 6653 6655
1490 1 6657 6656 6658
1491 1 6660 6659 6661
1492 1 6663 6662 6664
1493 1 6666 6665 6667
1494 1 6669 6668 6670
1495 1 6672 6671 6673
1496 1 6675 6674 6676
1497 1 6678 6677 6679
1498 1 6681 6680 6682
1499 1 6684 6683 6685
1500 1 6687 6686 6688
1501 1 6690 6689 6691
1502 1 6693 6692 6694
1503 1 6696 6695 6697
1504 1 6699 6698 6700
1505 1 6702 6701 6703
1506 1 6705 6704 6706
1507 1 6708 6707 6709
1508 1 6711 6710 6712
1509 1 6714 6713 6715
1510 1 6717 6716 6718
1511 1 6720 6719 6721
1512 1 6723 6722 6724
1513 1 6726 6725 6727
1514 1 6729 6728 6730
1515 1 6732 6731 6733
1516 1 6735 6734 6736
1517 1 6738 6737 6739
1518 1 6741 6740 6742
1519 1 6744 6743 6745
1520 1 6747 6746 6748
1521 1 6750 6749 6751
1522 1 6753 6752 6754
1523 1 6756 6755 6757
1524 1 6759 6758 6760
1525 1 6762 6761 6763
1526 1 6765 6764 6766
1527 1 6768 6767 6769
1528 1 6771 6770 6772
1529 1 6774 6773 6775
1530 1 6777 6776 6778
1531 1 6780 6779 6781
1532 1 6783 6782 6784
1533 1 6786 6785 6787
1534 1 6789 6788 6790
1535 1 6792 6791 6793
1536 1 6795 6794 6796
1537 1 6798 6797 6799
1538 1 6801 6800 6802
1539 1 6804 6803 6805
1540 1 6807 6806 6808
1541 1 6810 6809 6811
1542 1 6813 6812 6814
1543 1 6816 6815 6817
1544 1 6819 6818 6820
1545 1 6822 6821 6823
1546 1 6825 6824 6826
1547 1 6828 6827 6829
1548 1 6831 6830 6832
1549 1 6834 6833 6835
1550 1 6837 6836 6838
1551 1 6840 6839 6841
1552 1 6843 6842 6844
1553 1 6846 6845 6847
1554 1 6849 6848 6850
1555 1 6852 6851 6853
1556 1 6855 6854 6856
1557 1 6858 6857 6859
1558 1 6861 6860 6862
1559 1 6864 6863 6865
1560 1 6867 6866 6868
1561 1 6870 6869 6871
1562 1 6873 6872 6874
1563 1 6876 6875 6877
1564 1 6879 6878 6880
1565 1 6882 6881 6883
1566 1 6885 6884 6886
1567 1 6888 6887 6889
1568 1 6891 6890 6892
1569 1 6894 6893 6895
1570 1 6897 6896 6898
1571 1 6900 6899 6901
1572 1 6903 6902 6904
1573 1 6906 6905 6907
1574 1 6909 6908 6910
1575 1 6912 6911 6913
1576 1 6915 6914 6916
1577 1 6918 6917 6919
1578 1 6921 6920 6922
1579 1 6924 6923 6925
1580 1 6927 6926 6928
1581 1 6930 6929 6931
1582 1 6933 6932 6934
1583 1 6936 6935 6937
1584 1 6939 6938 6940
1585 1 6942 6941 6943
1586 1 6945 6944 6946
1587 1 6948 6947 6949
1588 1 6951 6950 6952
1589 1 6954 6953 6955
1590 1 6957 6956 6958
1591 1 6960 6959 6961
1592 1 6963 6962 6964
1593 1 6966 6965 6967
1594 1 6969 6968 6970
1595 1 6972 6971 6973
1596 1 6975 6974 6976
1597 1 6978 6977 6979
1598 1 6981 6980 6982
1599 1 6984 6983 6985
1600 1 6987 6986 6988
1601 1 6990 6989 6991
1602 1 6993 6992 6994
1603 1 6996 6995 6997
1604 1 6999 6998 7000
1605 1 7002 7001 7003
1606 1 7005 7004 7006
1607 1 7008 7007 7009
1608 1 7011 7010 7012
1609 1 7014 7013 7015
1610 1 7017 7016 7018
1611 1 7020 7019 7021
1612 1 7023 7022 7024
1613 1 7026 7025 7027
1614 1 7029 7028 7030
1615 1 7032 7031 7033
1616 1 7035 7034 7036
1617 1 7038 7037 7039
1618 1 7041 7040 7042
1619 1 7044 7043 7045
1620 1 7047 7046 7048
1621 1 7050 7049 7051
1622 1 7053 7052 7054
1623 1 7056 7055 7057
1624 1 7059 7058 7060
1625 1 7062 7061 7063
1626 1 7065 7064 7066
1627 1 7068 7067 7069
1628 1 7071 7070 7072
1629 1 7074 7073 7075
1630 1 7077 7076 7078
1631 1 7080 7079 7081
1632 1 7083 7082 7084
1633 1 7086 7085 7087
1634 1 7089 7088 7090
1635 1 7092 7091 7093
1636 1 7095 7094 7096
1637 1 7098 7097 7099
1638 1 7101 7100 7102
1639 1 7104 7103 7105
1640 1 7107 7106 7108
1641 1 7110 7109 7111
1642 1 7113 7112 7114
1643 1 7116 7115 7117
1644 1 7119 7118 7120
1645 1 7122 7121 7123
1646 1 7125 7124 7126
1647 1 7128 7127 7129
1648 1 7131 7130 7132
1649 1 7134 7133 7135
1650 1 7137 7136 7138
1651 1 7140 7139 7141
1652 1 7143 7142 7144
1653 1 7146 7145 7147
1654 1 7149 7148 7150
1655 1 7152 7151 7153
1656 1 7155 7154 7156
1657 1 7158 7157 7159
1658 1 7161 7160 7162
1659 1 7164 7163 7165
1660 1 7167 7166 7168
1661 1 7170 7169 7171
1662 1 7173 7172 7174
1663 1 7176 7175 7177
1664 1 7179 7178 7180
1665 1 7182 7181 7183
1666 1 7185 7184 7186
1667 1 7188 7187 7189
1668 1 7191 7190 7192
1669 1 7194 7193 7195
1670 1 7197 7196 7198
1671 1 7200 7199 7201
1672 1 7203 7202 7204
1673 1 7206 7205 7207
1674 1 7209 7208 7210
1675 1 7212 7211 7213
1676 1 7215 7214 7216
1677 1 7218 7217 7219
1678 1 7221 7220 7222
1679 1 7224 7223 7225
1680 1 7227 7226 7228
1681 1 7230 7229 7231
1682 1 7233 7232 7234
1683 1 7236 7235 7237
1684 1 7239 7238 7240
1685 1 7242 7241 7243
1686 1 7245 7244 7246
1687 1 7248 7247 7249
1688 1 7251 7250 7252
1689 1 7254 7253 7255
1690 1 7257 7256 7258
1691 1 7260 7259 7261
1692 1 7263 7262 7264
1693 1 7266 7265 7267
1694 1 7269 7268 7270
1695 1 7272 7271 7273
1696 1 7275 7274 7276
1697 1 7278 7277 7279
1698 1 7281 7280 7282
1699 1 7284 7283 7285
1700 1 7287 7286 7288
1701 1 7290 7289 7291
1702 1 7293 7292 7294
1703 1 7296 7295 7297
1704 1 7299 7298 7300
1705 1 7302 7301 7303
1706 1 7305 7304 7306
1707 1 7308 7307 7309
1708 1 7311 7310 7312
1709 1 7314 7313 7315
1710 1 7317 7316 7318
1711 1 7320 7319 7321
1712 1 7323 7322 7324
1713 1 7326 7325 7327
1714 1 7329 7328 7330
1715 1 7332 7331 7333
1716 1 7335 7334 7336
1717 1 7338 7337 7339
1718 1 7341 7340 7342
1719 1 7344 7343 7345
1720 1 7347 7346 7348
1721 1 7350 7349 7351
1722 1 7353 7352 7354
1723 1 7356 7355 7357
1724 1 7359 7358 7360
1725 1 7362 7361 7363
1726 1 7365 7364 7366
1727 1 7368 7367 7369
1728 1 7371 7370 7372
1729 1 7374 7373 7375
1730 1 7377 7376 7378
1731 1 7380 7379 7381
1732 1 7383 7382 7384
1733 1 7386 7385 7387
1734 1 7389 7388 7390
1735 1 7392 7391 7393
1736 1 7395 7394 7396
1737 1 7398 7397 7399
1738 1 7401 7400 7402
1739 1 7404 7403 7405
1740 1 7407 7406 7408
1741 1 7410 7409 7411
1742 1 7413 7412 7414
1743 1 7416 7415 7417
1744 1 7419 7418 7420
1745 1 7422 7421 7423
1746 1 7425 7424 7426
1747 1 7428 7427 7429
1748 1 7431 7430 7432
1749 1 7434 7433 7435
1750 1 7437 7436 7438
1751 1 7440 7439 7441
1752 1 7443 7442 7444
1753 1 7446 7445 7447
1754 1 7449 7448 7450
1755 1 7452 7451 7453
1756 1 7455 7454 7456
1757 1 7458 7457 7459
1758 1 7461 7460 7462
1759 1 7464 7463 7465
1760 1 7467 7466 7468
1761 1 7470 7469 7471
1762 1 7473 7472 7474
1763 1 7476 7475 7477
1764 1 7479 7478 7480
1765 1 7482 7481 7483
1766 1 7485 7484 7486
1767 1 7488 7487 7489
1768 1 7491 7490 7492
1769 1 7494 7493 7495
1770 1 7497 7496 7498
1771 1 7500 7499 7501
1772 1 7503 7502 7504
1773 1 7506 7505 7507
1774 1 7509 7508 7510
1775 1 7512 7511 7513
1776 1 7515 7514 7516
1777 1 7518 7517 7519
1778 1 7521 7520 7522
1779 1 7524 7523 7525
1780 1 7527 7526 7528
1781 1 7530 7529 7531
1782 1 7533 7532 7534
1783 1 7536 7535 7537
1784 1 7539 7538 7540
1785 1 7542 7541 7543
1786 1 7545 7544 7546
1787 1 7548 7547 7549
1788 1 7551 7550 7552
1789 1 7554 7553 7555
1790 1 7557 7556 7558
1791 1 7560 7559 7561
1792 1 7563 7562 7564
1793 1 7566 7565 7567
1794 1 7569 7568 7570
1795 1 7572 7571 7573
1796 1 7575 7574 7576
1797 1 7578 7577 7579
1798 1 7581 7580 7582
1799 1 7584 7583 7585
1800 1 7587 7586 7588
1801 1 7590 7589 7591
1802 1 7593 7592 7594
1803 1 7596 7595 7597
1804 1 7599 7598 7600
1805 1 7602 7601 7603
1806 1 7605 7604 7606
1807 1 7608 7607 7609
1808 1 7611 7610 7612
1809 1 7614 7613 7615
1810 1 7617 7616 7618
1811 1 7620 7619 7621
1812 1 7623 7622 7624
1813 1 7626 7625 7627
1814 1 7629 7628 7630
1815 1 7632 7631 7633
1816 1 7635 7634 7636
1817 1 7638 7637 7639
1818 1 7641 7640 7642
1819 1 7644 7643 7645
1820 1 7647 7646 7648
1821 1 7650 7649 7651
1822 1 7653 7652 7654
1823 1 7656 7655 7657
1824 1 7659 7658 7660
1825 1 7662 7661 7663
1826 1 7665 7664 7666
1827 1 7668 7667 7669
1828 1 7671 7670 7672
1829 1 7674 7673 7675
1830 1 7677 7676 7678
1831 1 7680 7679 7681
1832 1 7683 7682 7684
1833 1 7686 7685 7687
1834 1 7689 7688 7690
1835 1 7692 7691 7693
1836 1 7695 7694 7696
1837 1 7698 7697 7699
1838 1 7701 7700 7702
1839 1 7704 7703 7705
1840 1 7707 7706 7708
1841 1 7710 7709 7711
1842 1 7713 7712 7714
1843 1 7716 7715 7717
1844 1 7719 7718 7720
1845 1 7722 7721 7723
1846 1 7725 7724 7726
1847 1 7728 7727 7729
1848 1 7731 7730 7732
1849 1 7734 7733 7735
1850 1 7737 7736 7738
1851 1 7740 7739 7741
1852 1 7743 7742 7744
1853 1 7746 7745 7747
1854 1 7749 7748 7750
1855 1 7752 7751 7753
1856 1 7755 7754 7756
1857 1 7758 7757 7759
1858 1 7761 7760 7762
1859 1 7764 7763 7765
1860 1 7767 7766 7768
1861 1 7770 7769 7771
1862 1 7773 7772 7774
1863 1 7776 7775 7777
1864 1 7779 7778 7780
1865 1 7782 7781 7783
1866 1 7785 7784 7786
1867 1 7788 7787 7789
1868 1 7791 7790 7792
1869 1 7794 7793 7795
1870 1 7797 7796 7798
1871 1 7800 7799 7801
1872 1 7803 7802 7804
1873 1 7806 7805 7807
1874 1 7809 7808 7810
1875 1 7812 7811 7813
1876 1 7815 7814 7816
1877 1 7818 7817 7819
1878 1 7821 7820 7822
1879 1 7824 7823 7825
1880 1 7827 7826 7828
1881 1 7830 7829 7831
1882 1 7833 7832 7834
1883 1 7836 7835 7837
1884 1 7839 7838 7840
1885 1 7842 7841 7843
1886 1 7845 7844 7846
1887 1 7848 7847 7849
1888 1 7851 7850 7852
1889 1 7854 7853 7855
1890 1 7857 7856 7858
1891 1 7860 7859 7861
1892 1 7863 7862 7864
1893 1 7866 7865 7867
1894 1 7869 7868 7870
1895 1 7872 7871 7873
1896 1 7875 7874 7876
1897 1 7878 7877 7879
1898 1 7881 7880 7882
1899 1 7884 7883 7885
1900 1 7887 7886 7888
1901 1 7890 7889 7891
1902 1 7893 7892 7894
1903 1 7896 7895 7897
1904 1 7899 7898 7900
1905 1 7902 7901 7903
1906 1 7905 7904 7906
1907 1 7908 7907 7909
1908 1 7911 7910 7912
1909 1 7914 7913 7915
1910 1 7917 7916 7918
1911 1 7920 7919 7921
1912 1 7923 7922 7924
1913 1 7926 7925 7927
1914 1 7929 7928 7930
1915 1 7932 7931 7933
1916 1 7935 7934 7936
1917 1 7938 7937 7939
1918 1 7941 7940 7942
1919 1 7944 7943 7945
1920 1 7947 7946 7948
1921 1 7950 7949 7951
1922 1 7953 7952 7954
1923 1 7956 7955 7957
1924 1 7959 7958 7960
1925 1 7962 7961 7963
1926 1 7965 7964 7966
1927 1 7968 7967 7969
1928 1 7971 7970 7972
1929 1 7974 7973 7975
1930 1 7977 7976 7978
1931 1 7980 7979 7981
1932 1 7983 7982 7984
1933 1 7986 7985 7987
1934 1 7989 7988 7990
1935 1 7992 7991 7993
1936 1 7995 7994 7996
1937 1 7998 7997 7999
1938 1 8001 8000 8002
1939 1 8004 8003 8005
1940 1 8007 8006 8008
1941 1 8010 8009 8011
1942 1 8013 8012 8014
1943 1 8016 8015 8017
1944 1 8019 8018 8020
1945 1 8022 8021 8023
1946 1 8025 8024 8026
1947 1 8028 8027 8029
1948 1 8031 8030 8032
1949 1 8034 8033 8035
1950 1 8037 8036 8038
1951 1 8040 8039 8041
1952 1 8043 8042 8044
1953 1 8046 8045 8047
1954 1 8049 8048 8050
1955 1 8052 8051 8053
1956 1 8055 8054 8056
1957 1 8058 8057 8059
1958 1 8061 8060 8062
1959 1 8064 8063 8065
1960 1 8067 8066 8068
1961 1 8070 8069 8071
1962 1 8073 8072 8074
1963 1 8076 8075 8077
1964 1 8079 8078 8080
1965 1 8082 8081 8083
1966 1 8085 8084 8086
1967 1 8088 8087 8089
1968 1 8091 8090 8092
1969 1 8094 8093 8095
1970 1 8097 8096 8098
1971 1 8100 8099 8101
1972 1 8103 8102 8104
1973 1 8106 8105 8107
1974 1 8109 8108 8110
1975 1 8112 8111 8113
1976 1 8115 8114 8116
1977 1 8118 8117 8119
1978 1 8121 8120 8122
1979 1 8124 8123 8125
1980 1 8127 8126 8128
1981 1 8130 8129 8131
1982 1 8133 8132 8134
1983 1 8136 8135 8137
1984 1 8139 8138 8140
1985 1 8142 8141 8143
1986 1 8145 8144 8146
1987 1 8148 8147 8149
1988 1 8151 8150 8152
1989 1 8154 8153 8155
1990 1 8157 8156 8158
1991 1 8160 8159 8161
1992 1 8163 8162 8164
1993 1 8166 8165 8167
1994 1 8169 8168 8170
1995 1 8172 8171 8173
1996 1 8175 8174 8176
1997 1 8178 8177 8179
1998 1 8181 8180 8182
1999 1 8184 8183 8185
2000 1 8187 8186 8188
2001 1 8190 8189 8191
2002 1 8193 8192 8194
2003 1 8196 8195 8197
2004 1 8199 8198 8200
2005 1 8202 8201 8203
2006 1 8205 8204 8206
2007 1 8208 8207 8209
2008 1 8211 8210 8212
2009 1 8214 8213 8215
2010 1 8217 8216 8218
2011 1 8220 8219 8221
2012 1 8223 8222 8224
2013 1 8226 8225 8227
2014 1 8229 8228 8230
2015 1 8232 8231 8233
2016 1 8235 8234 8236
2017 1 8238 8237 8239
2018 1 8241 8240 8242
2019 1 8244 8243 8245
2020 1 8247 8246 8248
2021 1 8250 8249 8251
2022 1 8253 8252 8254
2023 1 8256 8255 8257
2024 1 8259 8258 8260
2025 1 8262 8261 8263
2026 1 8265 8264 8266
2027 1 8268 8267 8269
2028 1 8271 8270 8272
2029 1 8274 8273 8275
2030 1 8277 8276 8278
2031 1 8280 8279 8281
2032 1 8283 8282 8284
2033 1 8286 8285 8287
2034 1 8289 8288 8290
2035 1 8292 8291 8293
2036 1 8295 8294 8296
2037 1 8298 8297 8299
2038 1 8301 8300 8302
2039 1 8304 8303 8305
2040 1 8307 8306 8308
2041 1 8310 8309 8311
2042 1 8313 8312 8314
2043 1 8316 8315 8317
2044 1 8319 8318 8320
2045 1 8322 8321 8323
2046 1 8325 8324 8326
2047 1 8328 8327 8329
2048 1 8331 8330 8332
2049 1 8334 8333 8335
2050 1 8337 8336 8338
2051 1 8340 8339 8341
2052 1 8343 8342 8344
2053 1 8346 8345 8347
2054 1 8349 8348 8350
2055 1 8352 8351 8353
2056 1 8355 8354 8356
2057 1 8358 8357 8359
2058 1 8361 8360 8362
2059 1 8364 8363 8365
2060 1 8367 8366 8368
2061 1 8370 8369 8371
2062 1 8373 8372 8374
2063 1 8376 8375 8377
2064 1 8379 8378 8380
2065 1 8382 8381 8383
2066 1 8385 8384 8386
2067 1 8388 8387 8389
2068 1 8391 8390 8392
2069 1 8394 8393 8395
2070 1 8397 8396 8398
2071 1 8400 8399 8401
2072 1 8403 8402 8404
2073 1 8406 8405 8407
2074 1 8409 8408 8410
2075 1 8412 8411 8413
2076 1 8415 8414 8416
2077 1 8418 8417 8419
2078 1 8421 8420 8422
2079 1 8424 8423 8425
2080 1 8427 8426 8428
2081 1 8430 8429 8431
2082 1 8433 8432 8434
2083 1 8436 8435 8437
2084 1 8439 8438 8440
2085 1 8442 8441 8443
2086 1 8445 8444 8446
2087 1 8448 8447 8449
2088 1 8451 8450 8452
2089 1 8454 8453 8455
2090 1 8457 8456 8458
2091 1 8460 8459 8461
2092 1 8463 8462 8464
2093 1 8466 8465 8467
2094 1 8469 8468 8470
2095 1 8472 8471 8473
2096 1 8475 8474 8476
2097 1 8478 8477 8479
2098 1 8481 8480 8482
2099 1 8484 8483 8485
2100 1 8487 8486 8488
2101 1 8490 8489 8491
2102 1 8493 8492 8494
2103 1 8496 8495 8497
2104 1 8499 8498 8500
2105 1 8502 8501 8503
2106 1 8505 8504 8506
2107 1 8508 8507 8509
2108 1 8511 8510 8512
2109 1 8514 8513 8515
2110 1 8517 8516 8518
2111 1 8520 8519 8521
2112 1 8523 8522 8524
2113 1 8526 8525 8527
2114 1 8529 8528 8530
2115 1 8532 8531 8533
2116 1 8535 8534 8536
2117 1 8538 8537 8539
2118 1 8541 8540 8542
2119 1 8544 8543 8545
2120 1 8547 8546 8548
2121 1 8550 8549 8551
2122 1 8553 8552 8554
2123 1 8556 8555 8557
2124 1 8559 8558 8560
2125 1 8562 8561 8563
2126 1 8565 8564 8566
2127 1 8568 8567 8569
2128 1 8571 8570 8572
2129 1 8574 8573 8575
2130 1 8577 8576 8578
2131 1 8580 8579 8581
2132 1 8583 8582 8584
2133 1 8586 8585 8587
2134 1 8589 8588 8590
2135 1 8592 8591 8593
2136 1 8595 8594 8596
2137 1 8598 8597 8599
2138 1 8601 8600 8602
2139 1 8604 8603 8605
2140 1 8607 8606 8608
2141 1 8610 8609 8611
2142 1 8613 8612 8614
2143 1 8616 8615 8617
2144 1 8619 8618 8620
2145 1 8622 8621 8623
2146 1 8625 8624 8626
2147 1 8628 8627 8629
2148 1 8631 8630 8632
2149 1 8634 8633 8635
2150 1 8637 8636 8638
2151 1 8640 8639 8641
2152 1 8643 8642 8644
2153 1 8646 8645 8647
2154 1 8649 8648 8650
2155 1 8652 8651 8653
2156 1 8655 8654 8656
2157 1 8658 8657 8659
2158 1 8661 8660 8662
2159 1 8664 8663 8665
2160 1 8667 8666 8668
2161 1 8670 8669 8671
2162 1 8673 8672 8674
2163 1 8676 8675 8677
2164 1 8679 8678 8680
2165 1 8682 8681 8683
2166 1 8685 8684 8686
2167 1 8688 8687 8689
2168 1 8691 8690 8692
2169 1 8694 8693 8695
2170 1 8697 8696 8698
2171 1 8700 8699 8701
2172 1 8703 8702 8704
2173 1 8706 8705 8707
2174 1 8709 8708 8710
2175 1 8712 8711 8713
2176 1 8715 8714 8716
2177 1 8718 8717 8719
2178 1 8721 8720 8722
2179 1 8724 8723 8725
2180 1 8727 8726 8728
2181 1 8730 8729 8731
2182 1 8733 8732 8734
2183 1 8736 8735 8737
2184 1 8739 8738 8740
2185 1 8742 8741 8743
2186 1 8745 8744 8746
2187 1 8748 8747 8749
2188 1 8751 8750 8752
2189 1 8754 8753 8755
2190 1 8757 8756 8758
2191 1 8760 8759 8761
2192 1 8763 8762 8764
2193 1 8766 8765 8767
2194 1 8769 8768 8770
2195 1 8772 8771 8773
2196 1 8775 8774 8776
2197 1 8778 8777 8779
2198 1 8781 8780 8782
2199 1 8784 8783 8785
2200 1 8787 8786 8788
2201 1 8790 8789 8791
2202 1 8793 8792 8794
2203 1 8796 8795 8797
2204 1 8799 8798 8800
2205 1 8802 8801 8803
2206 1 8805 8804 8806
2207 1 8808 8807 8809
2208 1 8811 8810 8812
2209 1 8814 8813 8815
2210 1 8817 8816 8818
2211 1 8820 8819 8821
2212 1 8823 8822 8824
2213 1 8826 8825 8827
2214 1 8829 8828 8830
2215 1 8832 8831 8833
2216 1 8835 8834 8836
2217 1 8838 8837 8839
2218 1 8841 8840 8842
2219 1 8844 8843 8845
2220 1 8847 8846 8848
2221 1 8850 8849 8851
2222 1 8853 8852 8854
2223 1 8856 8855 8857
2224 1 8859 8858 8860
2225 1 8862 8861 8863
2226 1 8865 8864 8866
2227 1 8868 8867 8869
2228 1 8871 8870 8872
2229 1 8874 8873 8875
2230 1 8877 8876 8878
2231 1 8880 8879 8881
2232 1 8883 8882 8884
2233 1 8886 8885 8887
2234 1 8889 8888 8890
2235 1 8892 8891 8893
2236 1 8895 8894 8896
2237 1 8898 8897 8899
2238 1 8901 8900 8902
2239 1 8904 8903 8905
2240 1 8907 8906 8908
2241 1 8910 8909 8911
2242 1 8913 8912 8914
2243 1 8916 8915 8917
2244 1 8919 8918 8920
2245 1 8922 8921 8923
2246 1 8925 8924 8926
2247 1 8928 8927 8929
2248 1 8931 8930 8932
2249 1 8934 8933 8935
2250 1 8937 8936 8938
2251 1 8940 8939 8941
2252 1 8943 8942 8944
2253 1 8946 8945 8947
2254 1 8949 8948 8950
2255 1 8952 8951 8953
2256 1 8955 8954 8956
2257 1 8958 8957 8959
2258 1 8961 8960 8962
2259 1 8964 8963 8965
2260 1 8967 8966 8968
2261 1 8970 8969 8971
2262 1 8973 8972 8974
2263 1 8976 8975 8977
2264 1 8979 8978 8980
2265 1 8982 8981 8983
2266 1 8985 8984 8986
2267 1 8988 8987 8989
2268 1 8991 8990 8992
2269 1 8994 8993 8995
2270 1 8997 8996 8998
2271 1 9000 8999 9001
2272 1 9003 9002 9004
2273 1 9006 9005 9007
2274 1 9009 9008 9010
2275 1 9012 9011 9013
2276 1 9015 9014 9016
2277 1 9018 9017 9019
2278 1 9021 9020 9022
2279 1 9024 9023 9025
2280 1 9027 9026 9028
2281 1 9030 9029 9031
2282 1 9033 9032 9034
2283 1 9036 9035 9037
2284 1 9039 9038 9040
2285 1 9042 9041 9043
2286 1 9045 9044 9046
2287 1 9048 9047 9049
2288 1 9051 9050 9052
2289 1 9054 9053 9055
2290 1 9057 9056 9058
2291 1 9060 9059 9061
2292 1 9063 9062 9064
2293 1 9066 9065 9067
2294 1 9069 9068 9070
2295 1 9072 9071 9073
2296 1 9075 9074 9076
2297 1 9078 9077 9079
2298 1 9081 9080 9082
2299 1 9084 9083 9085
2300 1 9087 9086 9088
2301 1 9090 9089 9091
2302 1 9093 9092 9094
2303 1 9096 9095 9097
2304 1 9099 9098 9100
2305 1 9102 9101 9103
2306 1 9105 9104 9106
2307 1 9108 9107 9109
2308 1 9111 9110 9112
2309 1 9114 9113 9115
2310 1 9117 9116 9118
2311 1 9120 9119 9121
2312 1 9123 9122 9124
2313 1 9126 9125 9127
2314 1 9129 9128 9130
2315 1 9132 9131 9133
2316 1 9135 9134 9136
2317 1 9138 9137 9139
2318 1 9141 9140 9142
2319 1 9144 9143 9145
2320 1 9147 9146 9148
2321 1 9150 9149 9151
2322 1 9153 9152 9154
2323 1 9156 9155 9157
2324 1 9159 9158 9160
2325 1 9162 9161 9163
2326 1 9165 9164 9166
2327 1 9168 9167 9169
2328 1 9171 9170 9172
2329 1 9174 9173 9175
2330 1 9177 9176 9178
2331 1 9180 9179 9181
2332 1 9183 9182 9184
2333 1 9186 9185 9187
2334 1 9189 9188 9190
2335 1 9192 9191 9193
2336 1 9195 9194 9196
2337 1 9198 9197 9199
2338 1 9201 9200 9202
2339 1 9204 9203 9205
2340 1 9207 9206 9208
2341 1 9210 9209 9211
2342 1 9213 9212 9214
2343 1 9216 9215 9217
2344 1 9219 9218 9220
2345 1 9222 9221 9223
2346 1 9225 9224 9226
2347 1 9228 9227 9229
2348 1 9231 9230 9232
2349 1 9234 9233 9235
2350 1 9237 9236 9238
2351 1 9240 9239 9241
2352 1 9243 9242 9244
2353 1 9246 9245 9247
2354 1 9249 9248 9250
2355 1 9252 9251 9253
2356 1 9255 9254 9256
2357 1 9258 9257 9259
2358 1 9261 9260 9262
2359 1 9264 9263 9265
2360 1 9267 9266 9268
2361 1 9270 9269 9271
2362 1 9273 9272 9274
2363 1 9276 9275 9277
2364 1 9279 9278 9280
2365 1 9282 9281 9283
2366 1 9285 9284 9286
2367 1 9288 9287 9289
2368 1 9291 9290 9292
2369 1 9294 9293 9295
2370 1 9297 9296 9298
2371 1 9300 9299 9301
2372 1 9303 9302 9304
2373 1 9306 9305 9307
2374 1 9309 9308 9310
2375 1 9312 9311 9313
2376 1 9315 9314 9316
2377 1 9318 9317 9319
2378 1 9321 9320 9322
2379 1 9324 9323 9325
2380 1 9327 9326 9328
2381 1 9330 9329 9331
2382 1 9333 9332 9334
2383 1 9336 9335 9337
2384 1 9339 9338 9340
2385 1 9342 9341 9343
2386 1 9345 9344 9346
2387 1 9348 9347 9349
2388 1 9351 9350 9352
2389 1 9354 9353 9355
2390 1 9357 9356 9358
2391 1 9360 9359 9361
2392 1 9363 9362 9364
2393 1 9366 9365 9367
2394 1 9369 9368 9370
2395 1 9372 9371 9373
2396 1 9375 9374 9376
2397 1 9378 9377 9379
2398 1 9381 9380 9382
2399 1 9384 9383 9385
2400 1 9387 9386 9388
2401 1 9390 9389 9391
2402 1 9393 9392 9394
2403 1 9396 9395 9397
2404 1 9399 9398 9400
2405 1 9402 9401 9403
2406 1 9405 9404 9406
2407 1 9408 9407 9409
2408 1 9411 9410 9412
2409 1 9414 9413 9415
2410 1 9417 9416 9418
2411 1 9420 9419 9421
2412 1 9423 9422 9424
2413 1 9426 9425 9427
2414 1 9429 9428 9430
2415 1 9432 9431 9433
2416 1 9435 9434 9436
2417 1 9438 9437 9439
2418 1 9441 9440 9442
2419 1 9444 9443 9445
2420 1 9447 9446 9448
2421 1 9450 9449 9451
2422 1 9453 9452 9454
2423 1 9456 9455 9457
2424 1 9459 9458 9460
2425 1 9462 9461 9463
2426 1 9465 9464 9466
2427 1 9468 9467 9469
2428 1 9471 9470 9472
2429 1 9474 9473 9475
2430 1 9477 9476 9478
2431 1 9480 9479 9481
2432 1 9483 9482 9484
2433 1 9486 9485 9487
2434 1 9489 9488 9490
2435 1 9492 9491 9493
2436 1 9495 9494 9496
2437 1 9498 9497 9499
2438 1 9501 9500 9502
2439 1 9504 9503 9505
2440 1 9507 9506 9508
2441 1 9510 9509 9511
2442 1 9513 9512 9514
2443 1 9516 9515 9517
2444 1 9519 9518 9520
2445 1 9522 9521 9523
2446 1 9525 9524 9526
2447 1 9528 9527 9529
2448 1 9531 9530 9532
2449 1 9534 9533 9535
2450 1 9537 9536 9538
2451 1 9540 9539 9541
2452 1 9543 9542 9544
2453 1 9546 9545 9547
2454 1 9549 9548 9550
2455 1 9552 9551 9553
2456 1 9555 9554 9556
2457 1 9558 9557 9559
2458 1 9561 9560 9562
2459 1 9564 9563 9565
2460 1 9567 9566 9568
2461 1 9570 9569 9571
2462 1 9573 9572 9574
2463 1 9576 9575 9577
2464 1 9579 9578 9580
2465 1 9582 9581 9583
2466 1 9585 9584 9586
2467 1 9588 9587 9589
2468 1 9591 9590 9592
2469 1 9594 9593 9595
2470 1 9597 9596 9598
2471 1 9600 9599 9601
2472 1 9603 9602 9604
2473 1 9606 9605 9607
2474 1 9609 9608 9610
2475 1 9612 9611 9613
2476 1 9615 9614 9616
2477 1 9618 9617 9619
2478 1 9621 9620 9622
2479 1 9624 9623 9625
2480 1 9627 9626 9628
2481 1 9630 9629 9631
2482 1 9633 9632 9634
2483 1 9636 9635 9637
2484 1 9639 9638 9640
2485 1 9642 9641 9643
2486 1 9645 9644 9646
2487 1 9648 9647 9649
2488 1 9651 9650 9652
2489 1 9654 9653 9655
2490 1 9657 9656 9658
2491 1 9660 9659 9661
2492 1 9663 9662 9664
2493 1 9666 9665 9667
2494 1 9669 9668 9670
2495 1 9672 9671 9673
2496 1 9675 9674 9676
