1 1 2189 2190
2 1 2189 2191
3 1 2192 2193
4 1 2192 2194
5 1 2195 2196
6 1 2195 2197
7 1 2198 2199
8 1 2198 2200
9 1 2201 2202
10 1 2201 2203
11 1 2204 2205
12 1 2204 2206
13 1 2207 2208
14 1 2207 2209
15 1 2210 2211
16 1 2210 2212
17 1 2213 2214
18 1 2213 2215
19 1 2216 2217
20 1 2216 2218
21 1 2219 2220
22 1 2219 2221
23 1 2222 2223
24 1 2222 2224
25 1 2225 2226
26 1 2225 2227
27 1 2228 2229
28 1 2228 2230
29 1 2231 2232
30 1 2231 2233
31 1 2234 2235
32 1 2234 2236
33 1 2237 2238
34 1 2237 2239
35 1 2240 2241
36 1 2240 2242
37 1 2243 2244
38 1 2243 2245
39 1 2246 2247
40 1 2246 2248
41 1 2249 2250
42 1 2249 2251
43 1 2252 2253
44 1 2252 2254
45 1 2255 2256
46 1 2255 2257
47 1 2258 2259
48 1 2258 2260
49 1 2261 2262
50 1 2261 2263
51 1 2264 2265
52 1 2264 2266
53 1 2267 2268
54 1 2267 2269
55 1 2270 2271
56 1 2270 2272
57 1 2273 2274
58 1 2273 2275
59 1 2276 2277
60 1 2276 2278
61 1 2279 2280
62 1 2279 2281
63 1 2282 2283
64 1 2282 2284
65 1 2285 2286
66 1 2285 2287
67 1 2288 2289
68 1 2288 2290
69 1 2291 2292
70 1 2291 2293
71 1 2294 2295
72 1 2294 2296
73 1 2297 2298
74 1 2297 2299
75 1 2300 2301
76 1 2300 2302
77 1 2303 2304
78 1 2303 2305
79 1 2306 2307
80 1 2306 2308
81 1 2309 2310
82 1 2309 2311
83 1 2312 2313
84 1 2312 2314
85 1 2315 2316
86 1 2315 2317
87 1 2318 2319
88 1 2318 2320
89 1 2321 2322
90 1 2321 2323
91 1 2324 2325
92 1 2324 2326
93 1 2327 2328
94 1 2327 2329
95 1 2330 2331
96 1 2330 2332
97 1 2333 2334
98 1 2333 2335
99 1 2336 2337
100 1 2336 2338
101 1 2339 2340
102 1 2339 2341
103 1 2342 2343
104 1 2342 2344
105 1 2345 2346
106 1 2345 2347
107 1 2348 2349
108 1 2348 2350
109 1 2351 2352
110 1 2351 2353
111 1 2354 2355
112 1 2354 2356
113 1 2357 2358
114 1 2357 2359
115 1 2360 2361
116 1 2360 2362
117 1 2363 2364
118 1 2363 2365
119 1 2366 2367
120 1 2366 2368
121 1 2369 2370
122 1 2369 2371
123 1 2372 2373
124 1 2372 2374
125 1 2375 2376
126 1 2375 2377
127 1 2378 2379
128 1 2378 2380
129 1 2381 2382
130 1 2381 2383
131 1 2384 2385
132 1 2384 2386
133 1 2387 2388
134 1 2387 2389
135 1 2390 2391
136 1 2390 2392
137 1 2393 2394
138 1 2393 2395
139 1 2396 2397
140 1 2396 2398
141 1 2399 2400
142 1 2399 2401
143 1 2402 2403
144 1 2402 2404
145 1 2405 2406
146 1 2405 2407
147 1 2408 2409
148 1 2408 2410
149 1 2411 2412
150 1 2411 2413
151 1 2414 2415
152 1 2414 2416
153 1 2417 2418
154 1 2417 2419
155 1 2420 2421
156 1 2420 2422
157 1 2423 2424
158 1 2423 2425
159 1 2426 2427
160 1 2426 2428
161 1 2429 2430
162 1 2429 2431
163 1 2432 2433
164 1 2432 2434
165 1 2435 2436
166 1 2435 2437
167 1 2438 2439
168 1 2438 2440
169 1 2441 2442
170 1 2441 2443
171 1 2444 2445
172 1 2444 2446
173 1 2447 2448
174 1 2447 2449
175 1 2450 2451
176 1 2450 2452
177 1 2453 2454
178 1 2453 2455
179 1 2456 2457
180 1 2456 2458
181 1 2459 2460
182 1 2459 2461
183 1 2462 2463
184 1 2462 2464
185 1 2465 2466
186 1 2465 2467
187 1 2468 2469
188 1 2468 2470
189 1 2471 2472
190 1 2471 2473
191 1 2474 2475
192 1 2474 2476
193 1 2477 2478
194 1 2477 2479
195 1 2480 2481
196 1 2480 2482
197 1 2483 2484
198 1 2483 2485
199 1 2486 2487
200 1 2486 2488
201 1 2489 2490
202 1 2489 2491
203 1 2492 2493
204 1 2492 2494
205 1 2495 2496
206 1 2495 2497
207 1 2498 2499
208 1 2498 2500
209 1 2501 2502
210 1 2501 2503
211 1 2504 2505
212 1 2504 2506
213 1 2507 2508
214 1 2507 2509
215 1 2510 2511
216 1 2510 2512
217 1 2513 2514
218 1 2513 2515
219 1 2516 2517
220 1 2516 2518
221 1 2519 2520
222 1 2519 2521
223 1 2522 2523
224 1 2522 2524
225 1 2525 2526
226 1 2525 2527
227 1 2528 2529
228 1 2528 2530
229 1 2531 2532
230 1 2531 2533
231 1 2534 2535
232 1 2534 2536
233 1 2537 2538
234 1 2537 2539
235 1 2540 2541
236 1 2540 2542
237 1 2543 2544
238 1 2543 2545
239 1 2546 2547
240 1 2546 2548
241 1 2549 2550
242 1 2549 2551
243 1 2552 2553
244 1 2552 2554
245 1 2555 2556
246 1 2555 2557
247 1 2558 2559
248 1 2558 2560
249 1 2561 2562
250 1 2561 2563
251 1 2564 2565
252 1 2564 2566
253 1 2567 2568
254 1 2567 2569
255 1 2570 2571
256 1 2570 2572
257 1 2573 2574
258 1 2573 2575
259 1 2576 2577
260 1 2576 2578
261 1 2579 2580
262 1 2579 2581
263 1 2582 2583
264 1 2582 2584
265 1 2585 2586
266 1 2585 2587
267 1 2588 2589
268 1 2588 2590
269 1 2591 2592
270 1 2591 2593
271 1 2594 2595
272 1 2594 2596
273 1 2597 2598
274 1 2597 2599
275 1 2600 2601
276 1 2600 2602
277 1 2603 2604
278 1 2603 2605
279 1 2606 2607
280 1 2606 2608
281 1 2609 2610
282 1 2609 2611
283 1 2612 2613
284 1 2612 2614
285 1 2615 2616
286 1 2615 2617
287 1 2618 2619
288 1 2618 2620
289 1 2621 2622
290 1 2621 2623
291 1 2624 2625
292 1 2624 2626
293 1 2627 2628
294 1 2627 2629
295 1 2630 2631
296 1 2630 2632
297 1 2633 2634
298 1 2633 2635
299 1 2636 2637
300 1 2636 2638
301 1 2639 2640
302 1 2639 2641
303 1 2642 2643
304 1 2642 2644
305 1 2645 2646
306 1 2645 2647
307 1 2648 2649
308 1 2648 2650
309 1 2651 2652
310 1 2651 2653
311 1 2654 2655
312 1 2654 2656
313 1 2657 2658
314 1 2657 2659
315 1 2660 2661
316 1 2660 2662
317 1 2663 2664
318 1 2663 2665
319 1 2666 2667
320 1 2666 2668
321 1 2669 2670
322 1 2669 2671
323 1 2672 2673
324 1 2672 2674
325 1 2675 2676
326 1 2675 2677
327 1 2678 2679
328 1 2678 2680
329 1 2681 2682
330 1 2681 2683
331 1 2684 2685
332 1 2684 2686
333 1 2687 2688
334 1 2687 2689
335 1 2690 2691
336 1 2690 2692
337 1 2693 2694
338 1 2693 2695
339 1 2696 2697
340 1 2696 2698
341 1 2699 2700
342 1 2699 2701
343 1 2702 2703
344 1 2702 2704
345 1 2705 2706
346 1 2705 2707
347 1 2708 2709
348 1 2708 2710
349 1 2711 2712
350 1 2711 2713
351 1 2714 2715
352 1 2714 2716
353 1 2717 2718
354 1 2717 2719
355 1 2720 2721
356 1 2720 2722
357 1 2723 2724
358 1 2723 2725
359 1 2726 2727
360 1 2726 2728
361 1 2729 2730
362 1 2729 2731
363 1 2732 2733
364 1 2732 2734
365 1 2735 2736
366 1 2735 2737
367 1 2738 2739
368 1 2738 2740
369 1 2741 2742
370 1 2741 2743
371 1 2744 2745
372 1 2744 2746
373 1 2747 2748
374 1 2747 2749
375 1 2750 2751
376 1 2750 2752
377 1 2753 2754
378 1 2753 2755
379 1 2756 2757
380 1 2756 2758
381 1 2759 2760
382 1 2759 2761
383 1 2762 2763
384 1 2762 2764
385 1 2765 2766
386 1 2765 2767
387 1 2768 2769
388 1 2768 2770
389 1 2771 2772
390 1 2771 2773
391 1 2774 2775
392 1 2774 2776
393 1 2777 2778
394 1 2777 2779
395 1 2780 2781
396 1 2780 2782
397 1 2783 2784
398 1 2783 2785
399 1 2786 2787
400 1 2786 2788
401 1 2789 2790
402 1 2789 2791
403 1 2792 2793
404 1 2792 2794
405 1 2795 2796
406 1 2795 2797
407 1 2798 2799
408 1 2798 2800
409 1 2801 2802
410 1 2801 2803
411 1 2804 2805
412 1 2804 2806
413 1 2807 2808
414 1 2807 2809
415 1 2810 2811
416 1 2810 2812
417 1 2813 2814
418 1 2813 2815
419 1 2816 2817
420 1 2816 2818
421 1 2819 2820
422 1 2819 2821
423 1 2822 2823
424 1 2822 2824
425 1 2825 2826
426 1 2825 2827
427 1 2828 2829
428 1 2828 2830
429 1 2831 2832
430 1 2831 2833
431 1 2834 2835
432 1 2834 2836
433 1 2837 2838
434 1 2837 2839
435 1 2840 2841
436 1 2840 2842
437 1 2843 2844
438 1 2843 2845
439 1 2846 2847
440 1 2846 2848
441 1 2849 2850
442 1 2849 2851
443 1 2852 2853
444 1 2852 2854
445 1 2855 2856
446 1 2855 2857
447 1 2858 2859
448 1 2858 2860
449 1 2861 2862
450 1 2861 2863
451 1 2864 2865
452 1 2864 2866
453 1 2867 2868
454 1 2867 2869
455 1 2870 2871
456 1 2870 2872
457 1 2873 2874
458 1 2873 2875
459 1 2876 2877
460 1 2876 2878
461 1 2879 2880
462 1 2879 2881
463 1 2882 2883
464 1 2882 2884
465 1 2885 2886
466 1 2885 2887
467 1 2888 2889
468 1 2888 2890
469 1 2891 2892
470 1 2891 2893
471 1 2894 2895
472 1 2894 2896
473 1 2897 2898
474 1 2897 2899
475 1 2900 2901
476 1 2900 2902
477 1 2903 2904
478 1 2903 2905
479 1 2906 2907
480 1 2906 2908
481 1 2909 2910
482 1 2909 2911
483 1 2912 2913
484 1 2912 2914
485 1 2915 2916
486 1 2915 2917
487 1 2918 2919
488 1 2918 2920
489 1 2921 2922
490 1 2921 2923
491 1 2924 2925
492 1 2924 2926
493 1 2927 2928
494 1 2927 2929
495 1 2930 2931
496 1 2930 2932
497 1 2933 2934
498 1 2933 2935
499 1 2936 2937
500 1 2936 2938
501 1 2939 2940
502 1 2939 2941
503 1 2942 2943
504 1 2942 2944
505 1 2945 2946
506 1 2945 2947
507 1 2948 2949
508 1 2948 2950
509 1 2951 2952
510 1 2951 2953
511 1 2954 2955
512 1 2954 2956
513 1 2957 2958
514 1 2957 2959
515 1 2960 2961
516 1 2960 2962
517 1 2963 2964
518 1 2963 2965
519 1 2966 2967
520 1 2966 2968
521 1 2969 2970
522 1 2969 2971
523 1 2972 2973
524 1 2972 2974
525 1 2975 2976
526 1 2975 2977
527 1 2978 2979
528 1 2978 2980
529 1 2981 2982
530 1 2981 2983
531 1 2984 2985
532 1 2984 2986
533 1 2987 2988
534 1 2987 2989
535 1 2990 2991
536 1 2990 2992
537 1 2993 2994
538 1 2993 2995
539 1 2996 2997
540 1 2996 2998
541 1 2999 3000
542 1 2999 3001
543 1 3002 3003
544 1 3002 3004
545 1 3005 3006
546 1 3005 3007
547 1 3008 3009
548 1 3008 3010
549 1 3011 3012
550 1 3011 3013
551 1 3014 3015
552 1 3014 3016
553 1 3017 3018
554 1 3017 3019
555 1 3020 3021
556 1 3020 3022
557 1 3023 3024
558 1 3023 3025
559 1 3026 3027
560 1 3026 3028
561 1 3029 3030
562 1 3029 3031
563 1 3032 3033
564 1 3032 3034
565 1 3035 3036
566 1 3035 3037
567 1 3038 3039
568 1 3038 3040
569 1 3041 3042
570 1 3041 3043
571 1 3044 3045
572 1 3044 3046
573 1 3047 3048
574 1 3047 3049
575 1 3050 3051
576 1 3050 3052
577 1 3053 3054
578 1 3053 3055
579 1 3056 3057
580 1 3056 3058
581 1 3059 3060
582 1 3059 3061
583 1 3062 3063
584 1 3062 3064
585 1 3065 3066
586 1 3065 3067
587 1 3068 3069
588 1 3068 3070
589 1 3071 3072
590 1 3071 3073
591 1 3074 3075
592 1 3074 3076
593 1 3077 3078
594 1 3077 3079
595 1 3080 3081
596 1 3080 3082
597 1 3083 3084
598 1 3083 3085
599 1 3086 3087
600 1 3086 3088
601 1 3089 3090
602 1 3089 3091
603 1 3092 3093
604 1 3092 3094
605 1 3095 3096
606 1 3095 3097
607 1 3098 3099
608 1 3098 3100
609 1 3101 3102
610 1 3101 3103
611 1 3104 3105
612 1 3104 3106
613 1 3107 3108
614 1 3107 3109
615 1 3110 3111
616 1 3110 3112
617 1 3113 3114
618 1 3113 3115
619 1 3116 3117
620 1 3116 3118
621 1 3119 3120
622 1 3119 3121
623 1 3122 3123
624 1 3122 3124
625 1 3125 3126
626 1 3125 3127
627 1 3128 3129
628 1 3128 3130
629 1 3131 3132
630 1 3131 3133
631 1 3134 3135
632 1 3134 3136
633 1 3137 3138
634 1 3137 3139
635 1 3140 3141
636 1 3140 3142
637 1 3143 3144
638 1 3143 3145
639 1 3146 3147
640 1 3146 3148
641 1 3149 3150
642 1 3149 3151
643 1 3152 3153
644 1 3152 3154
645 1 3155 3156
646 1 3155 3157
647 1 3158 3159
648 1 3158 3160
649 1 3161 3162
650 1 3161 3163
651 1 3164 3165
652 1 3164 3166
653 1 3167 3168
654 1 3167 3169
655 1 3170 3171
656 1 3170 3172
657 1 3173 3174
658 1 3173 3175
659 1 3176 3177
660 1 3176 3178
661 1 3179 3180
662 1 3179 3181
663 1 3182 3183
664 1 3182 3184
665 1 3185 3186
666 1 3185 3187
667 1 3188 3189
668 1 3188 3190
669 1 3191 3192
670 1 3191 3193
671 1 3194 3195
672 1 3194 3196
673 1 3197 3198
674 1 3197 3199
675 1 3200 3201
676 1 3200 3202
677 1 3203 3204
678 1 3203 3205
679 1 3206 3207
680 1 3206 3208
681 1 3209 3210
682 1 3209 3211
683 1 3212 3213
684 1 3212 3214
685 1 3215 3216
686 1 3215 3217
687 1 3218 3219
688 1 3218 3220
689 1 3221 3222
690 1 3221 3223
691 1 3224 3225
692 1 3224 3226
693 1 3227 3228
694 1 3227 3229
695 1 3230 3231
696 1 3230 3232
697 1 3233 3234
698 1 3233 3235
699 1 3236 3237
700 1 3236 3238
701 1 3239 3240
702 1 3239 3241
703 1 3242 3243
704 1 3242 3244
705 1 3245 3246
706 1 3245 3247
707 1 3248 3249
708 1 3248 3250
709 1 3251 3252
710 1 3251 3253
711 1 3254 3255
712 1 3254 3256
713 1 3257 3258
714 1 3257 3259
715 1 3260 3261
716 1 3260 3262
717 1 3263 3264
718 1 3263 3265
719 1 3266 3267
720 1 3266 3268
721 1 3269 3270
722 1 3269 3271
723 1 3272 3273
724 1 3272 3274
725 1 3275 3276
726 1 3275 3277
727 1 3278 3279
728 1 3278 3280
729 1 3281 3282
730 1 3281 3283
731 1 3284 3285
732 1 3284 3286
733 1 3287 3288
734 1 3287 3289
735 1 3290 3291
736 1 3290 3292
737 1 3293 3294
738 1 3293 3295
739 1 3296 3297
740 1 3296 3298
741 1 3299 3300
742 1 3299 3301
743 1 3302 3303
744 1 3302 3304
745 1 3305 3306
746 1 3305 3307
747 1 3308 3309
748 1 3308 3310
749 1 3311 3312
750 1 3311 3313
751 1 3314 3315
752 1 3314 3316
753 1 3317 3318
754 1 3317 3319
755 1 3320 3321
756 1 3320 3322
757 1 3323 3324
758 1 3323 3325
759 1 3326 3327
760 1 3326 3328
761 1 3329 3330
762 1 3329 3331
763 1 3332 3333
764 1 3332 3334
765 1 3335 3336
766 1 3335 3337
767 1 3338 3339
768 1 3338 3340
769 1 3341 3342
770 1 3341 3343
771 1 3344 3345
772 1 3344 3346
773 1 3347 3348
774 1 3347 3349
775 1 3350 3351
776 1 3350 3352
777 1 3353 3354
778 1 3353 3355
779 1 3356 3357
780 1 3356 3358
781 1 3359 3360
782 1 3359 3361
783 1 3362 3363
784 1 3362 3364
785 1 3365 3366
786 1 3365 3367
787 1 3368 3369
788 1 3368 3370
789 1 3371 3372
790 1 3371 3373
791 1 3374 3375
792 1 3374 3376
793 1 3377 3378
794 1 3377 3379
795 1 3380 3381
796 1 3380 3382
797 1 3383 3384
798 1 3383 3385
799 1 3386 3387
800 1 3386 3388
801 1 3389 3390
802 1 3389 3391
803 1 3392 3393
804 1 3392 3394
805 1 3395 3396
806 1 3395 3397
807 1 3398 3399
808 1 3398 3400
809 1 3401 3402
810 1 3401 3403
811 1 3404 3405
812 1 3404 3406
813 1 3407 3408
814 1 3407 3409
815 1 3410 3411
816 1 3410 3412
817 1 3413 3414
818 1 3413 3415
819 1 3416 3417
820 1 3416 3418
821 1 3419 3420
822 1 3419 3421
823 1 3422 3423
824 1 3422 3424
825 1 3425 3426
826 1 3425 3427
827 1 3428 3429
828 1 3428 3430
829 1 3431 3432
830 1 3431 3433
831 1 3434 3435
832 1 3434 3436
833 1 3437 3438
834 1 3437 3439
835 1 3440 3441
836 1 3440 3442
837 1 3443 3444
838 1 3443 3445
839 1 3446 3447
840 1 3446 3448
841 1 3449 3450
842 1 3449 3451
843 1 3452 3453
844 1 3452 3454
845 1 3455 3456
846 1 3455 3457
847 1 3458 3459
848 1 3458 3460
849 1 3461 3462
850 1 3461 3463
851 1 3464 3465
852 1 3464 3466
853 1 3467 3468
854 1 3467 3469
855 1 3470 3471
856 1 3470 3472
857 1 3473 3474
858 1 3473 3475
859 1 3476 3477
860 1 3476 3478
861 1 3479 3480
862 1 3479 3481
863 1 3482 3483
864 1 3482 3484
865 1 3485 3486
866 1 3485 3487
867 1 3488 3489
868 1 3488 3490
869 1 3491 3492
870 1 3491 3493
871 1 3494 3495
872 1 3494 3496
873 1 3497 3498
874 1 3497 3499
875 1 3500 3501
876 1 3500 3502
877 1 3503 3504
878 1 3503 3505
879 1 3506 3507
880 1 3506 3508
881 1 3509 3510
882 1 3509 3511
883 1 3512 3513
884 1 3512 3514
885 1 3515 3516
886 1 3515 3517
887 1 3518 3519
888 1 3518 3520
889 1 3521 3522
890 1 3521 3523
891 1 3524 3525
892 1 3524 3526
893 1 3527 3528
894 1 3527 3529
895 1 3530 3531
896 1 3530 3532
897 1 3533 3534
898 1 3533 3535
899 1 3536 3537
900 1 3536 3538
901 1 3539 3540
902 1 3539 3541
903 1 3542 3543
904 1 3542 3544
905 1 3545 3546
906 1 3545 3547
907 1 3548 3549
908 1 3548 3550
909 1 3551 3552
910 1 3551 3553
911 1 3554 3555
912 1 3554 3556
913 1 3557 3558
914 1 3557 3559
915 1 3560 3561
916 1 3560 3562
917 1 3563 3564
918 1 3563 3565
919 1 3566 3567
920 1 3566 3568
921 1 3569 3570
922 1 3569 3571
923 1 3572 3573
924 1 3572 3574
925 1 3575 3576
926 1 3575 3577
927 1 3578 3579
928 1 3578 3580
929 1 3581 3582
930 1 3581 3583
931 1 3584 3585
932 1 3584 3586
933 1 3587 3588
934 1 3587 3589
935 1 3590 3591
936 1 3590 3592
937 1 3593 3594
938 1 3593 3595
939 1 3596 3597
940 1 3596 3598
941 1 3599 3600
942 1 3599 3601
943 1 3602 3603
944 1 3602 3604
945 1 3605 3606
946 1 3605 3607
947 1 3608 3609
948 1 3608 3610
949 1 3611 3612
950 1 3611 3613
951 1 3614 3615
952 1 3614 3616
953 1 3617 3618
954 1 3617 3619
955 1 3620 3621
956 1 3620 3622
957 1 3623 3624
958 1 3623 3625
959 1 3626 3627
960 1 3626 3628
961 1 3629 3630
962 1 3629 3631
963 1 3632 3633
964 1 3632 3634
965 1 3635 3636
966 1 3635 3637
967 1 3638 3639
968 1 3638 3640
969 1 3641 3642
970 1 3641 3643
971 1 3644 3645
972 1 3644 3646
973 1 3647 3648
974 1 3647 3649
975 1 3650 3651
976 1 3650 3652
977 1 3653 3654
978 1 3653 3655
979 1 3656 3657
980 1 3656 3658
981 1 3659 3660
982 1 3659 3661
983 1 3662 3663
984 1 3662 3664
985 1 3665 3666
986 1 3665 3667
987 1 3668 3669
988 1 3668 3670
989 1 3671 3672
990 1 3671 3673
991 1 3674 3675
992 1 3674 3676
993 1 3677 3678
994 1 3677 3679
995 1 3680 3681
996 1 3680 3682
997 1 3683 3684
998 1 3683 3685
999 1 3686 3687
1000 1 3686 3688
1001 1 3689 3690
1002 1 3689 3691
1003 1 3692 3693
1004 1 3692 3694
1005 1 3695 3696
1006 1 3695 3697
1007 1 3698 3699
1008 1 3698 3700
1009 1 3701 3702
1010 1 3701 3703
1011 1 3704 3705
1012 1 3704 3706
1013 1 3707 3708
1014 1 3707 3709
1015 1 3710 3711
1016 1 3710 3712
1017 1 3713 3714
1018 1 3713 3715
1019 1 3716 3717
1020 1 3716 3718
1021 1 3719 3720
1022 1 3719 3721
1023 1 3722 3723
1024 1 3722 3724
1025 1 3725 3726
1026 1 3725 3727
1027 1 3728 3729
1028 1 3728 3730
1029 1 3731 3732
1030 1 3731 3733
1031 1 3734 3735
1032 1 3734 3736
1033 1 3737 3738
1034 1 3737 3739
1035 1 3740 3741
1036 1 3740 3742
1037 1 3743 3744
1038 1 3743 3745
1039 1 3746 3747
1040 1 3746 3748
1041 1 3749 3750
1042 1 3749 3751
1043 1 3752 3753
1044 1 3752 3754
1045 1 3755 3756
1046 1 3755 3757
1047 1 3758 3759
1048 1 3758 3760
1049 1 3761 3762
1050 1 3761 3763
1051 1 3764 3765
1052 1 3764 3766
1053 1 3767 3768
1054 1 3767 3769
1055 1 3770 3771
1056 1 3770 3772
1057 1 3773 3774
1058 1 3773 3775
1059 1 3776 3777
1060 1 3776 3778
1061 1 3779 3780
1062 1 3779 3781
1063 1 3782 3783
1064 1 3782 3784
1065 1 3785 3786
1066 1 3785 3787
1067 1 3788 3789
1068 1 3788 3790
1069 1 3791 3792
1070 1 3791 3793
1071 1 3794 3795
1072 1 3794 3796
1073 1 3797 3798
1074 1 3797 3799
1075 1 3800 3801
1076 1 3800 3802
1077 1 3803 3804
1078 1 3803 3805
1079 1 3806 3807
1080 1 3806 3808
1081 1 3809 3810
1082 1 3809 3811
1083 1 3812 3813
1084 1 3812 3814
1085 1 3815 3816
1086 1 3815 3817
1087 1 3818 3819
1088 1 3818 3820
1089 1 3821 3822
1090 1 3821 3823
1091 1 3824 3825
1092 1 3824 3826
1093 1 3827 3828
1094 1 3827 3829
1095 1 3830 3831
1096 1 3830 3832
1097 1 3833 3834
1098 1 3833 3835
1099 1 3836 3837
1100 1 3836 3838
1101 1 3839 3840
1102 1 3839 3841
1103 1 3842 3843
1104 1 3842 3844
1105 1 3845 3846
1106 1 3845 3847
1107 1 3848 3849
1108 1 3848 3850
1109 1 3851 3852
1110 1 3851 3853
1111 1 3854 3855
1112 1 3854 3856
1113 1 3857 3858
1114 1 3857 3859
1115 1 3860 3861
1116 1 3860 3862
1117 1 3863 3864
1118 1 3863 3865
1119 1 3866 3867
1120 1 3866 3868
1121 1 3869 3870
1122 1 3869 3871
1123 1 3872 3873
1124 1 3872 3874
1125 1 3875 3876
1126 1 3875 3877
1127 1 3878 3879
1128 1 3878 3880
1129 1 3881 3882
1130 1 3881 3883
1131 1 3884 3885
1132 1 3884 3886
1133 1 3887 3888
1134 1 3887 3889
1135 1 3890 3891
1136 1 3890 3892
1137 1 3893 3894
1138 1 3893 3895
1139 1 3896 3897
1140 1 3896 3898
1141 1 3899 3900
1142 1 3899 3901
1143 1 3902 3903
1144 1 3902 3904
1145 1 3905 3906
1146 1 3905 3907
1147 1 3908 3909
1148 1 3908 3910
1149 1 3911 3912
1150 1 3911 3913
1151 1 3914 3915
1152 1 3914 3916
1153 1 3917 3918
1154 1 3917 3919
1155 1 3920 3921
1156 1 3920 3922
1157 1 3923 3924
1158 1 3923 3925
1159 1 3926 3927
1160 1 3926 3928
1161 1 3929 3930
1162 1 3929 3931
1163 1 3932 3933
1164 1 3932 3934
1165 1 3935 3936
1166 1 3935 3937
1167 1 3938 3939
1168 1 3938 3940
1169 1 3941 3942
1170 1 3941 3943
1171 1 3944 3945
1172 1 3944 3946
1173 1 3947 3948
1174 1 3947 3949
1175 1 3950 3951
1176 1 3950 3952
1177 1 3953 3954
1178 1 3953 3955
1179 1 3956 3957
1180 1 3956 3958
1181 1 3959 3960
1182 1 3959 3961
1183 1 3962 3963
1184 1 3962 3964
1185 1 3965 3966
1186 1 3965 3967
1187 1 3968 3969
1188 1 3968 3970
1189 1 3971 3972
1190 1 3971 3973
1191 1 3974 3975
1192 1 3974 3976
1193 1 3977 3978
1194 1 3977 3979
1195 1 3980 3981
1196 1 3980 3982
1197 1 3983 3984
1198 1 3983 3985
1199 1 3986 3987
1200 1 3986 3988
1201 1 3989 3990
1202 1 3989 3991
1203 1 3992 3993
1204 1 3992 3994
1205 1 3995 3996
1206 1 3995 3997
1207 1 3998 3999
1208 1 3998 4000
1209 1 4001 4002
1210 1 4001 4003
1211 1 4004 4005
1212 1 4004 4006
1213 1 4007 4008
1214 1 4007 4009
1215 1 4010 4011
1216 1 4010 4012
1217 1 4013 4014
1218 1 4013 4015
1219 1 4016 4017
1220 1 4016 4018
1221 1 4019 4020
1222 1 4019 4021
1223 1 4022 4023
1224 1 4022 4024
1225 1 4025 4026
1226 1 4025 4027
1227 1 4028 4029
1228 1 4028 4030
1229 1 4031 4032
1230 1 4031 4033
1231 1 4034 4035
1232 1 4034 4036
1233 1 4037 4038
1234 1 4037 4039
1235 1 4040 4041
1236 1 4040 4042
1237 1 4043 4044
1238 1 4043 4045
1239 1 4046 4047
1240 1 4046 4048
1241 1 4049 4050
1242 1 4049 4051
1243 1 4052 4053
1244 1 4052 4054
1245 1 4055 4056
1246 1 4055 4057
1247 1 4058 4059
1248 1 4058 4060
1249 1 4061 4062
1250 1 4061 4063
1251 1 4064 4065
1252 1 4064 4066
1253 1 4067 4068
1254 1 4067 4069
1255 1 4070 4071
1256 1 4070 4072
1257 1 4073 4074
1258 1 4073 4075
1259 1 4076 4077
1260 1 4076 4078
1261 1 4079 4080
1262 1 4079 4081
1263 1 4082 4083
1264 1 4082 4084
1265 1 4085 4086
1266 1 4085 4087
1267 1 4088 4089
1268 1 4088 4090
1269 1 4091 4092
1270 1 4091 4093
1271 1 4094 4095
1272 1 4094 4096
1273 1 4097 4098
1274 1 4097 4099
1275 1 4100 4101
1276 1 4100 4102
1277 1 4103 4104
1278 1 4103 4105
1279 1 4106 4107
1280 1 4106 4108
1281 1 4109 4110
1282 1 4109 4111
1283 1 4112 4113
1284 1 4112 4114
1285 1 4115 4116
1286 1 4115 4117
1287 1 4118 4119
1288 1 4118 4120
1289 1 4121 4122
1290 1 4121 4123
1291 1 4124 4125
1292 1 4124 4126
1293 1 4127 4128
1294 1 4127 4129
1295 1 4130 4131
1296 1 4130 4132
1297 1 4133 4134
1298 1 4133 4135
1299 1 4136 4137
1300 1 4136 4138
1301 1 4139 4140
1302 1 4139 4141
1303 1 4142 4143
1304 1 4142 4144
1305 1 4145 4146
1306 1 4145 4147
1307 1 4148 4149
1308 1 4148 4150
1309 1 4151 4152
1310 1 4151 4153
1311 1 4154 4155
1312 1 4154 4156
1313 1 4157 4158
1314 1 4157 4159
1315 1 4160 4161
1316 1 4160 4162
1317 1 4163 4164
1318 1 4163 4165
1319 1 4166 4167
1320 1 4166 4168
1321 1 4169 4170
1322 1 4169 4171
1323 1 4172 4173
1324 1 4172 4174
1325 1 4175 4176
1326 1 4175 4177
1327 1 4178 4179
1328 1 4178 4180
1329 1 4181 4182
1330 1 4181 4183
1331 1 4184 4185
1332 1 4184 4186
1333 1 4187 4188
1334 1 4187 4189
1335 1 4190 4191
1336 1 4190 4192
1337 1 4193 4194
1338 1 4193 4195
1339 1 4196 4197
1340 1 4196 4198
1341 1 4199 4200
1342 1 4199 4201
1343 1 4202 4203
1344 1 4202 4204
1345 1 4205 4206
1346 1 4205 4207
1347 1 4208 4209
1348 1 4208 4210
1349 1 4211 4212
1350 1 4211 4213
1351 1 4214 4215
1352 1 4214 4216
1353 1 4217 4218
1354 1 4217 4219
1355 1 4220 4221
1356 1 4220 4222
1357 1 4223 4224
1358 1 4223 4225
1359 1 4226 4227
1360 1 4226 4228
1361 1 4229 4230
1362 1 4229 4231
1363 1 4232 4233
1364 1 4232 4234
1365 1 4235 4236
1366 1 4235 4237
1367 1 4238 4239
1368 1 4238 4240
1369 1 4241 4242
1370 1 4241 4243
1371 1 4244 4245
1372 1 4244 4246
1373 1 4247 4248
1374 1 4247 4249
1375 1 4250 4251
1376 1 4250 4252
1377 1 4253 4254
1378 1 4253 4255
1379 1 4256 4257
1380 1 4256 4258
1381 1 4259 4260
1382 1 4259 4261
1383 1 4262 4263
1384 1 4262 4264
1385 1 4265 4266
1386 1 4265 4267
1387 1 4268 4269
1388 1 4268 4270
1389 1 4271 4272
1390 1 4271 4273
1391 1 4274 4275
1392 1 4274 4276
1393 1 4277 4278
1394 1 4277 4279
1395 1 4280 4281
1396 1 4280 4282
1397 1 4283 4284
1398 1 4283 4285
1399 1 4286 4287
1400 1 4286 4288
1401 1 4289 4290
1402 1 4289 4291
1403 1 4292 4293
1404 1 4292 4294
1405 1 4295 4296
1406 1 4295 4297
1407 1 4298 4299
1408 1 4298 4300
1409 1 4301 4302
1410 1 4301 4303
1411 1 4304 4305
1412 1 4304 4306
1413 1 4307 4308
1414 1 4307 4309
1415 1 4310 4311
1416 1 4310 4312
1417 1 4313 4314
1418 1 4313 4315
1419 1 4316 4317
1420 1 4316 4318
1421 1 4319 4320
1422 1 4319 4321
1423 1 4322 4323
1424 1 4322 4324
1425 1 4325 4326
1426 1 4325 4327
1427 1 4328 4329
1428 1 4328 4330
1429 1 4331 4332
1430 1 4331 4333
1431 1 4334 4335
1432 1 4334 4336
1433 1 4337 4338
1434 1 4337 4339
1435 1 4340 4341
1436 1 4340 4342
1437 1 4343 4344
1438 1 4343 4345
1439 1 4346 4347
1440 1 4346 4348
1441 1 4349 4350
1442 1 4349 4351
1443 1 4352 4353
1444 1 4352 4354
1445 1 4355 4356
1446 1 4355 4357
1447 1 4358 4359
1448 1 4358 4360
1449 1 4361 4362
1450 1 4361 4363
1451 1 4364 4365
1452 1 4364 4366
1453 1 4367 4368
1454 1 4367 4369
1455 1 4370 4371
1456 1 4370 4372
1457 1 4373 4374
1458 1 4373 4375
1459 1 4376 4377
1460 1 4376 4378
1461 1 4379 4380
1462 1 4379 4381
1463 1 4382 4383
1464 1 4382 4384
1465 1 4385 4386
1466 1 4385 4387
1467 1 4388 4389
1468 1 4388 4390
1469 1 4391 4392
1470 1 4391 4393
1471 1 4394 4395
1472 1 4394 4396
1473 1 4397 4398
1474 1 4397 4399
1475 1 4400 4401
1476 1 4400 4402
1477 1 4403 4404
1478 1 4403 4405
1479 1 4406 4407
1480 1 4406 4408
1481 1 4409 4410
1482 1 4409 4411
1483 1 4412 4413
1484 1 4412 4414
1485 1 4415 4416
1486 1 4415 4417
1487 1 4418 4419
1488 1 4418 4420
1489 1 4421 4422
1490 1 4421 4423
1491 1 4424 4425
1492 1 4424 4426
1493 1 4427 4428
1494 1 4427 4429
1495 1 4430 4431
1496 1 4430 4432
1497 1 4433 4434
1498 1 4433 4435
1499 1 4436 4437
1500 1 4436 4438
1501 1 4439 4440
1502 1 4439 4441
1503 1 4442 4443
1504 1 4442 4444
1505 1 4445 4446
1506 1 4445 4447
1507 1 4448 4449
1508 1 4448 4450
1509 1 4451 4452
1510 1 4451 4453
1511 1 4454 4455
1512 1 4454 4456
1513 1 4457 4458
1514 1 4457 4459
1515 1 4460 4461
1516 1 4460 4462
1517 1 4463 4464
1518 1 4463 4465
1519 1 4466 4467
1520 1 4466 4468
1521 1 4469 4470
1522 1 4469 4471
1523 1 4472 4473
1524 1 4472 4474
1525 1 4475 4476
1526 1 4475 4477
1527 1 4478 4479
1528 1 4478 4480
1529 1 4481 4482
1530 1 4481 4483
1531 1 4484 4485
1532 1 4484 4486
1533 1 4487 4488
1534 1 4487 4489
1535 1 4490 4491
1536 1 4490 4492
1537 1 4493 4494
1538 1 4493 4495
1539 1 4496 4497
1540 1 4496 4498
1541 1 4499 4500
1542 1 4499 4501
1543 1 4502 4503
1544 1 4502 4504
1545 1 4505 4506
1546 1 4505 4507
1547 1 4508 4509
1548 1 4508 4510
1549 1 4511 4512
1550 1 4511 4513
1551 1 4514 4515
1552 1 4514 4516
1553 1 4517 4518
1554 1 4517 4519
1555 1 4520 4521
1556 1 4520 4522
1557 1 4523 4524
1558 1 4523 4525
1559 1 4526 4527
1560 1 4526 4528
1561 1 4529 4530
1562 1 4529 4531
1563 1 4532 4533
1564 1 4532 4534
1565 1 4535 4536
1566 1 4535 4537
1567 1 4538 4539
1568 1 4538 4540
1569 1 4541 4542
1570 1 4541 4543
1571 1 4544 4545
1572 1 4544 4546
1573 1 4547 4548
1574 1 4547 4549
1575 1 4550 4551
1576 1 4550 4552
1577 1 4553 4554
1578 1 4553 4555
1579 1 4556 4557
1580 1 4556 4558
1581 1 4559 4560
1582 1 4559 4561
1583 1 4562 4563
1584 1 4562 4564
1585 1 4565 4566
1586 1 4565 4567
1587 1 4568 4569
1588 1 4568 4570
1589 1 4571 4572
1590 1 4571 4573
1591 1 4574 4575
1592 1 4574 4576
1593 1 4577 4578
1594 1 4577 4579
1595 1 4580 4581
1596 1 4580 4582
1597 1 4583 4584
1598 1 4583 4585
1599 1 4586 4587
1600 1 4586 4588
1601 1 4589 4590
1602 1 4589 4591
1603 1 4592 4593
1604 1 4592 4594
1605 1 4595 4596
1606 1 4595 4597
1607 1 4598 4599
1608 1 4598 4600
1609 1 4601 4602
1610 1 4601 4603
1611 1 4604 4605
1612 1 4604 4606
1613 1 4607 4608
1614 1 4607 4609
1615 1 4610 4611
1616 1 4610 4612
1617 1 4613 4614
1618 1 4613 4615
1619 1 4616 4617
1620 1 4616 4618
1621 1 4619 4620
1622 1 4619 4621
1623 1 4622 4623
1624 1 4622 4624
1625 1 4625 4626
1626 1 4625 4627
1627 1 4628 4629
1628 1 4628 4630
1629 1 4631 4632
1630 1 4631 4633
1631 1 4634 4635
1632 1 4634 4636
1633 1 4637 4638
1634 1 4637 4639
1635 1 4640 4641
1636 1 4640 4642
1637 1 4643 4644
1638 1 4643 4645
1639 1 4646 4647
1640 1 4646 4648
1641 1 4649 4650
1642 1 4649 4651
1643 1 4652 4653
1644 1 4652 4654
1645 1 4655 4656
1646 1 4655 4657
1647 1 4658 4659
1648 1 4658 4660
1649 1 4661 4662
1650 1 4661 4663
1651 1 4664 4665
1652 1 4664 4666
1653 1 4667 4668
1654 1 4667 4669
1655 1 4670 4671
1656 1 4670 4672
1657 1 4673 4674
1658 1 4673 4675
1659 1 4676 4677
1660 1 4676 4678
1661 1 4679 4680
1662 1 4679 4681
1663 1 4682 4683
1664 1 4682 4684
1665 1 4685 4686
1666 1 4685 4687
1667 1 4688 4689
1668 1 4688 4690
1669 1 4691 4692
1670 1 4691 4693
1671 1 4694 4695
1672 1 4694 4696
1673 1 4697 4698
1674 1 4697 4699
1675 1 4700 4701
1676 1 4700 4702
1677 1 4703 4704
1678 1 4703 4705
1679 1 4706 4707
1680 1 4706 4708
1681 1 4709 4710
1682 1 4709 4711
1683 1 4712 4713
1684 1 4712 4714
1685 1 4715 4716
1686 1 4715 4717
1687 1 4718 4719
1688 1 4718 4720
1689 1 4721 4722
1690 1 4721 4723
1691 1 4724 4725
1692 1 4724 4726
1693 1 4727 4728
1694 1 4727 4729
1695 1 4730 4731
1696 1 4730 4732
1697 1 4733 4734
1698 1 4733 4735
1699 1 4736 4737
1700 1 4736 4738
1701 1 4739 4740
1702 1 4739 4741
1703 1 4742 4743
1704 1 4742 4744
1705 1 4745 4746
1706 1 4745 4747
1707 1 4748 4749
1708 1 4748 4750
1709 1 4751 4752
1710 1 4751 4753
1711 1 4754 4755
1712 1 4754 4756
1713 1 4757 4758
1714 1 4757 4759
1715 1 4760 4761
1716 1 4760 4762
1717 1 4763 4764
1718 1 4763 4765
1719 1 4766 4767
1720 1 4766 4768
1721 1 4769 4770
1722 1 4769 4771
1723 1 4772 4773
1724 1 4772 4774
1725 1 4775 4776
1726 1 4775 4777
1727 1 4778 4779
1728 1 4778 4780
1729 1 4781 4782
1730 1 4781 4783
1731 1 4784 4785
1732 1 4784 4786
1733 1 4787 4788
1734 1 4787 4789
1735 1 4790 4791
1736 1 4790 4792
1737 1 4793 4794
1738 1 4793 4795
1739 1 4796 4797
1740 1 4796 4798
1741 1 4799 4800
1742 1 4799 4801
1743 1 4802 4803
1744 1 4802 4804
1745 1 4805 4806
1746 1 4805 4807
1747 1 4808 4809
1748 1 4808 4810
1749 1 4811 4812
1750 1 4811 4813
1751 1 4814 4815
1752 1 4814 4816
1753 1 4817 4818
1754 1 4817 4819
1755 1 4820 4821
1756 1 4820 4822
1757 1 4823 4824
1758 1 4823 4825
1759 1 4826 4827
1760 1 4826 4828
1761 1 4829 4830
1762 1 4829 4831
1763 1 4832 4833
1764 1 4832 4834
1765 1 4835 4836
1766 1 4835 4837
1767 1 4838 4839
1768 1 4838 4840
1769 1 4841 4842
1770 1 4841 4843
1771 1 4844 4845
1772 1 4844 4846
1773 1 4847 4848
1774 1 4847 4849
1775 1 4850 4851
1776 1 4850 4852
1777 1 4853 4854
1778 1 4853 4855
1779 1 4856 4857
1780 1 4856 4858
1781 1 4859 4860
1782 1 4859 4861
1783 1 4862 4863
1784 1 4862 4864
1785 1 4865 4866
1786 1 4865 4867
1787 1 4868 4869
1788 1 4868 4870
1789 1 4871 4872
1790 1 4871 4873
1791 1 4874 4875
1792 1 4874 4876
1793 1 4877 4878
1794 1 4877 4879
1795 1 4880 4881
1796 1 4880 4882
1797 1 4883 4884
1798 1 4883 4885
1799 1 4886 4887
1800 1 4886 4888
1801 1 4889 4890
1802 1 4889 4891
1803 1 4892 4893
1804 1 4892 4894
1805 1 4895 4896
1806 1 4895 4897
1807 1 4898 4899
1808 1 4898 4900
1809 1 4901 4902
1810 1 4901 4903
1811 1 4904 4905
1812 1 4904 4906
1813 1 4907 4908
1814 1 4907 4909
1815 1 4910 4911
1816 1 4910 4912
1817 1 4913 4914
1818 1 4913 4915
1819 1 4916 4917
1820 1 4916 4918
1821 1 4919 4920
1822 1 4919 4921
1823 1 4922 4923
1824 1 4922 4924
1825 1 4925 4926
1826 1 4925 4927
1827 1 4928 4929
1828 1 4928 4930
1829 1 4931 4932
1830 1 4931 4933
1831 1 4934 4935
1832 1 4934 4936
1833 1 4937 4938
1834 1 4937 4939
1835 1 4940 4941
1836 1 4940 4942
1837 1 4943 4944
1838 1 4943 4945
1839 1 4946 4947
1840 1 4946 4948
1841 1 4949 4950
1842 1 4949 4951
1843 1 4952 4953
1844 1 4952 4954
1845 1 4955 4956
1846 1 4955 4957
1847 1 4958 4959
1848 1 4958 4960
1849 1 4961 4962
1850 1 4961 4963
1851 1 4964 4965
1852 1 4964 4966
1853 1 4967 4968
1854 1 4967 4969
1855 1 4970 4971
1856 1 4970 4972
1857 1 4973 4974
1858 1 4973 4975
1859 1 4976 4977
1860 1 4976 4978
1861 1 4979 4980
1862 1 4979 4981
1863 1 4982 4983
1864 1 4982 4984
1865 1 4985 4986
1866 1 4985 4987
1867 1 4988 4989
1868 1 4988 4990
1869 1 4991 4992
1870 1 4991 4993
1871 1 4994 4995
1872 1 4994 4996
1873 1 4997 4998
1874 1 4997 4999
1875 1 5000 5001
1876 1 5000 5002
1877 1 5003 5004
1878 1 5003 5005
1879 1 5006 5007
1880 1 5006 5008
1881 1 5009 5010
1882 1 5009 5011
1883 1 5012 5013
1884 1 5012 5014
1885 1 5015 5016
1886 1 5015 5017
1887 1 5018 5019
1888 1 5018 5020
1889 1 5021 5022
1890 1 5021 5023
1891 1 5024 5025
1892 1 5024 5026
1893 1 5027 5028
1894 1 5027 5029
1895 1 5030 5031
1896 1 5030 5032
1897 1 5033 5034
1898 1 5033 5035
1899 1 5036 5037
1900 1 5036 5038
1901 1 5039 5040
1902 1 5039 5041
1903 1 5042 5043
1904 1 5042 5044
1905 1 5045 5046
1906 1 5045 5047
1907 1 5048 5049
1908 1 5048 5050
1909 1 5051 5052
1910 1 5051 5053
1911 1 5054 5055
1912 1 5054 5056
1913 1 5057 5058
1914 1 5057 5059
1915 1 5060 5061
1916 1 5060 5062
1917 1 5063 5064
1918 1 5063 5065
1919 1 5066 5067
1920 1 5066 5068
1921 1 5069 5070
1922 1 5069 5071
1923 1 5072 5073
1924 1 5072 5074
1925 1 5075 5076
1926 1 5075 5077
1927 1 5078 5079
1928 1 5078 5080
1929 1 5081 5082
1930 1 5081 5083
1931 1 5084 5085
1932 1 5084 5086
1933 1 5087 5088
1934 1 5087 5089
1935 1 5090 5091
1936 1 5090 5092
1937 1 5093 5094
1938 1 5093 5095
1939 1 5096 5097
1940 1 5096 5098
1941 1 5099 5100
1942 1 5099 5101
1943 1 5102 5103
1944 1 5102 5104
1945 1 5105 5106
1946 1 5105 5107
1947 1 5108 5109
1948 1 5108 5110
1949 1 5111 5112
1950 1 5111 5113
1951 1 5114 5115
1952 1 5114 5116
1953 1 5117 5118
1954 1 5117 5119
1955 1 5120 5121
1956 1 5120 5122
1957 1 5123 5124
1958 1 5123 5125
1959 1 5126 5127
1960 1 5126 5128
1961 1 5129 5130
1962 1 5129 5131
1963 1 5132 5133
1964 1 5132 5134
1965 1 5135 5136
1966 1 5135 5137
1967 1 5138 5139
1968 1 5138 5140
1969 1 5141 5142
1970 1 5141 5143
1971 1 5144 5145
1972 1 5144 5146
1973 1 5147 5148
1974 1 5147 5149
1975 1 5150 5151
1976 1 5150 5152
1977 1 5153 5154
1978 1 5153 5155
1979 1 5156 5157
1980 1 5156 5158
1981 1 5159 5160
1982 1 5159 5161
1983 1 5162 5163
1984 1 5162 5164
1985 1 5165 5166
1986 1 5165 5167
1987 1 5168 5169
1988 1 5168 5170
1989 1 5171 5172
1990 1 5171 5173
1991 1 5174 5175
1992 1 5174 5176
1993 1 5177 5178
1994 1 5177 5179
1995 1 5180 5181
1996 1 5180 5182
1997 1 5183 5184
1998 1 5183 5185
1999 1 5186 5187
2000 1 5186 5188
2001 1 5189 5190
2002 1 5189 5191
2003 1 5192 5193
2004 1 5192 5194
2005 1 5195 5196
2006 1 5195 5197
2007 1 5198 5199
2008 1 5198 5200
2009 1 5201 5202
2010 1 5201 5203
2011 1 5204 5205
2012 1 5204 5206
2013 1 5207 5208
2014 1 5207 5209
2015 1 5210 5211
2016 1 5210 5212
2017 1 5213 5214
2018 1 5213 5215
2019 1 5216 5217
2020 1 5216 5218
2021 1 5219 5220
2022 1 5219 5221
2023 1 5222 5223
2024 1 5222 5224
2025 1 5225 5226
2026 1 5225 5227
2027 1 5228 5229
2028 1 5228 5230
2029 1 5231 5232
2030 1 5231 5233
2031 1 5234 5235
2032 1 5234 5236
2033 1 5237 5238
2034 1 5237 5239
2035 1 5240 5241
2036 1 5240 5242
2037 1 5243 5244
2038 1 5243 5245
2039 1 5246 5247
2040 1 5246 5248
2041 1 5249 5250
2042 1 5249 5251
2043 1 5252 5253
2044 1 5252 5254
2045 1 5255 5256
2046 1 5255 5257
2047 1 5258 5259
2048 1 5258 5260
2049 1 5261 5262
2050 1 5261 5263
2051 1 5264 5265
2052 1 5264 5266
2053 1 5267 5268
2054 1 5267 5269
2055 1 5270 5271
2056 1 5270 5272
2057 1 5273 5274
2058 1 5273 5275
2059 1 5276 5277
2060 1 5276 5278
2061 1 5279 5280
2062 1 5279 5281
2063 1 5282 5283
2064 1 5282 5284
2065 1 5285 5286
2066 1 5285 5287
2067 1 5288 5289
2068 1 5288 5290
2069 1 5291 5292
2070 1 5291 5293
2071 1 5294 5295
2072 1 5294 5296
2073 1 5297 5298
2074 1 5297 5299
2075 1 5300 5301
2076 1 5300 5302
2077 1 5303 5304
2078 1 5303 5305
2079 1 5306 5307
2080 1 5306 5308
2081 1 5309 5310
2082 1 5309 5311
2083 1 5312 5313
2084 1 5312 5314
2085 1 5315 5316
2086 1 5315 5317
2087 1 5318 5319
2088 1 5318 5320
2089 1 5321 5322
2090 1 5321 5323
2091 1 5324 5325
2092 1 5324 5326
2093 1 5327 5328
2094 1 5327 5329
2095 1 5330 5331
2096 1 5330 5332
2097 1 5333 5334
2098 1 5333 5335
2099 1 5336 5337
2100 1 5336 5338
2101 1 5339 5340
2102 1 5339 5341
2103 1 5342 5343
2104 1 5342 5344
2105 1 5345 5346
2106 1 5345 5347
2107 1 5348 5349
2108 1 5348 5350
2109 1 5351 5352
2110 1 5351 5353
2111 1 5354 5355
2112 1 5354 5356
2113 1 5357 5358
2114 1 5357 5359
2115 1 5360 5361
2116 1 5360 5362
2117 1 5363 5364
2118 1 5363 5365
2119 1 5366 5367
2120 1 5366 5368
2121 1 5369 5370
2122 1 5369 5371
2123 1 5372 5373
2124 1 5372 5374
2125 1 5375 5376
2126 1 5375 5377
2127 1 5378 5379
2128 1 5378 5380
2129 1 5381 5382
2130 1 5381 5383
2131 1 5384 5385
2132 1 5384 5386
2133 1 5387 5388
2134 1 5387 5389
2135 1 5390 5391
2136 1 5390 5392
2137 1 5393 5394
2138 1 5393 5395
2139 1 5396 5397
2140 1 5396 5398
2141 1 5399 5400
2142 1 5399 5401
2143 1 5402 5403
2144 1 5402 5404
2145 1 5405 5406
2146 1 5405 5407
2147 1 5408 5409
2148 1 5408 5410
2149 1 5411 5412
2150 1 5411 5413
2151 1 5414 5415
2152 1 5414 5416
2153 1 5417 5418
2154 1 5417 5419
2155 1 5420 5421
2156 1 5420 5422
2157 1 5423 5424
2158 1 5423 5425
2159 1 5426 5427
2160 1 5426 5428
2161 1 5429 5430
2162 1 5429 5431
2163 1 5432 5433
2164 1 5432 5434
2165 1 5435 5436
2166 1 5435 5437
2167 1 5438 5439
2168 1 5438 5440
2169 1 5441 5442
2170 1 5441 5443
2171 1 5444 5445
2172 1 5444 5446
2173 1 5447 5448
2174 1 5447 5449
2175 1 5450 5451
2176 1 5450 5452
2177 1 5453 5454
2178 1 5453 5455
2179 1 5456 5457
2180 1 5456 5458
2181 1 5459 5460
2182 1 5459 5461
2183 1 5462 5463
2184 1 5462 5464
2185 1 5465 5466
2186 1 5465 5467
2187 1 5468 5469
2188 1 5468 5470
2189 1 5471 5472
2190 1 5471 5473
2191 1 5474 5475
2192 1 5474 5476
2193 1 5477 5478
2194 1 5477 5479
2195 1 5480 5481
2196 1 5480 5482
2197 1 5483 5484
2198 1 5483 5485
2199 1 5486 5487
2200 1 5486 5488
2201 1 5489 5490
2202 1 5489 5491
2203 1 5492 5493
2204 1 5492 5494
2205 1 5495 5496
2206 1 5495 5497
2207 1 5498 5499
2208 1 5498 5500
2209 1 5501 5502
2210 1 5501 5503
2211 1 5504 5505
2212 1 5504 5506
2213 1 5507 5508
2214 1 5507 5509
2215 1 5510 5511
2216 1 5510 5512
2217 1 5513 5514
2218 1 5513 5515
2219 1 5516 5517
2220 1 5516 5518
2221 1 5519 5520
2222 1 5519 5521
2223 1 5522 5523
2224 1 5522 5524
2225 1 5525 5526
2226 1 5525 5527
2227 1 5528 5529
2228 1 5528 5530
2229 1 5531 5532
2230 1 5531 5533
2231 1 5534 5535
2232 1 5534 5536
2233 1 5537 5538
2234 1 5537 5539
2235 1 5540 5541
2236 1 5540 5542
2237 1 5543 5544
2238 1 5543 5545
2239 1 5546 5547
2240 1 5546 5548
2241 1 5549 5550
2242 1 5549 5551
2243 1 5552 5553
2244 1 5552 5554
2245 1 5555 5556
2246 1 5555 5557
2247 1 5558 5559
2248 1 5558 5560
2249 1 5561 5562
2250 1 5561 5563
2251 1 5564 5565
2252 1 5564 5566
2253 1 5567 5568
2254 1 5567 5569
2255 1 5570 5571
2256 1 5570 5572
2257 1 5573 5574
2258 1 5573 5575
2259 1 5576 5577
2260 1 5576 5578
2261 1 5579 5580
2262 1 5579 5581
2263 1 5582 5583
2264 1 5582 5584
2265 1 5585 5586
2266 1 5585 5587
2267 1 5588 5589
2268 1 5588 5590
2269 1 5591 5592
2270 1 5591 5593
2271 1 5594 5595
2272 1 5594 5596
2273 1 5597 5598
2274 1 5597 5599
2275 1 5600 5601
2276 1 5600 5602
2277 1 5603 5604
2278 1 5603 5605
2279 1 5606 5607
2280 1 5606 5608
2281 1 5609 5610
2282 1 5609 5611
2283 1 5612 5613
2284 1 5612 5614
2285 1 5615 5616
2286 1 5615 5617
2287 1 5618 5619
2288 1 5618 5620
2289 1 5621 5622
2290 1 5621 5623
2291 1 5624 5625
2292 1 5624 5626
2293 1 5627 5628
2294 1 5627 5629
2295 1 5630 5631
2296 1 5630 5632
2297 1 5633 5634
2298 1 5633 5635
2299 1 5636 5637
2300 1 5636 5638
2301 1 5639 5640
2302 1 5639 5641
2303 1 5642 5643
2304 1 5642 5644
2305 1 5645 5646
2306 1 5645 5647
2307 1 5648 5649
2308 1 5648 5650
2309 1 5651 5652
2310 1 5651 5653
2311 1 5654 5655
2312 1 5654 5656
2313 1 5657 5658
2314 1 5657 5659
2315 1 5660 5661
2316 1 5660 5662
2317 1 5663 5664
2318 1 5663 5665
2319 1 5666 5667
2320 1 5666 5668
2321 1 5669 5670
2322 1 5669 5671
2323 1 5672 5673
2324 1 5672 5674
2325 1 5675 5676
2326 1 5675 5677
2327 1 5678 5679
2328 1 5678 5680
2329 1 5681 5682
2330 1 5681 5683
2331 1 5684 5685
2332 1 5684 5686
2333 1 5687 5688
2334 1 5687 5689
2335 1 5690 5691
2336 1 5690 5692
2337 1 5693 5694
2338 1 5693 5695
2339 1 5696 5697
2340 1 5696 5698
2341 1 5699 5700
2342 1 5699 5701
2343 1 5702 5703
2344 1 5702 5704
2345 1 5705 5706
2346 1 5705 5707
2347 1 5708 5709
2348 1 5708 5710
2349 1 5711 5712
2350 1 5711 5713
2351 1 5714 5715
2352 1 5714 5716
2353 1 5717 5718
2354 1 5717 5719
2355 1 5720 5721
2356 1 5720 5722
2357 1 5723 5724
2358 1 5723 5725
2359 1 5726 5727
2360 1 5726 5728
2361 1 5729 5730
2362 1 5729 5731
2363 1 5732 5733
2364 1 5732 5734
2365 1 5735 5736
2366 1 5735 5737
2367 1 5738 5739
2368 1 5738 5740
2369 1 5741 5742
2370 1 5741 5743
2371 1 5744 5745
2372 1 5744 5746
2373 1 5747 5748
2374 1 5747 5749
2375 1 5750 5751
2376 1 5750 5752
2377 1 5753 5754
2378 1 5753 5755
2379 1 5756 5757
2380 1 5756 5758
2381 1 5759 5760
2382 1 5759 5761
2383 1 5762 5763
2384 1 5762 5764
2385 1 5765 5766
2386 1 5765 5767
2387 1 5768 5769
2388 1 5768 5770
2389 1 5771 5772
2390 1 5771 5773
2391 1 5774 5775
2392 1 5774 5776
2393 1 5777 5778
2394 1 5777 5779
2395 1 5780 5781
2396 1 5780 5782
2397 1 5783 5784
2398 1 5783 5785
2399 1 5786 5787
2400 1 5786 5788
2401 1 5789 5790
2402 1 5789 5791
2403 1 5792 5793
2404 1 5792 5794
2405 1 5795 5796
2406 1 5795 5797
2407 1 5798 5799
2408 1 5798 5800
2409 1 5801 5802
2410 1 5801 5803
2411 1 5804 5805
2412 1 5804 5806
2413 1 5807 5808
2414 1 5807 5809
2415 1 5810 5811
2416 1 5810 5812
2417 1 5813 5814
2418 1 5813 5815
2419 1 5816 5817
2420 1 5816 5818
2421 1 5819 5820
2422 1 5819 5821
2423 1 5822 5823
2424 1 5822 5824
2425 1 5825 5826
2426 1 5825 5827
2427 1 5828 5829
2428 1 5828 5830
2429 1 5831 5832
2430 1 5831 5833
2431 1 5834 5835
2432 1 5834 5836
2433 1 5837 5838
2434 1 5837 5839
2435 1 5840 5841
2436 1 5840 5842
2437 1 5843 5844
2438 1 5843 5845
2439 1 5846 5847
2440 1 5846 5848
2441 1 5849 5850
2442 1 5849 5851
2443 1 5852 5853
2444 1 5852 5854
2445 1 5855 5856
2446 1 5855 5857
2447 1 5858 5859
2448 1 5858 5860
2449 1 5861 5862
2450 1 5861 5863
2451 1 5864 5865
2452 1 5864 5866
2453 1 5867 5868
2454 1 5867 5869
2455 1 5870 5871
2456 1 5870 5872
2457 1 5873 5874
2458 1 5873 5875
2459 1 5876 5877
2460 1 5876 5878
2461 1 5879 5880
2462 1 5879 5881
2463 1 5882 5883
2464 1 5882 5884
2465 1 5885 5886
2466 1 5885 5887
2467 1 5888 5889
2468 1 5888 5890
2469 1 5891 5892
2470 1 5891 5893
2471 1 5894 5895
2472 1 5894 5896
2473 1 5897 5898
2474 1 5897 5899
2475 1 5900 5901
2476 1 5900 5902
2477 1 5903 5904
2478 1 5903 5905
2479 1 5906 5907
2480 1 5906 5908
2481 1 5909 5910
2482 1 5909 5911
2483 1 5912 5913
2484 1 5912 5914
2485 1 5915 5916
2486 1 5915 5917
2487 1 5918 5919
2488 1 5918 5920
2489 1 5921 5922
2490 1 5921 5923
2491 1 5924 5925
2492 1 5924 5926
2493 1 5927 5928
2494 1 5927 5929
2495 1 5930 5931
2496 1 5930 5932
2497 1 5933 5934
2498 1 5933 5935
2499 1 5936 5937
2500 1 5936 5938
2501 1 5939 5940
2502 1 5939 5941
2503 1 5942 5943
2504 1 5942 5944
2505 1 5945 5946
2506 1 5945 5947
2507 1 5948 5949
2508 1 5948 5950
2509 1 5951 5952
2510 1 5951 5953
2511 1 5954 5955
2512 1 5954 5956
2513 1 5957 5958
2514 1 5957 5959
2515 1 5960 5961
2516 1 5960 5962
2517 1 5963 5964
2518 1 5963 5965
2519 1 5966 5967
2520 1 5966 5968
2521 1 5969 5970
2522 1 5969 5971
2523 1 5972 5973
2524 1 5972 5974
2525 1 5975 5976
2526 1 5975 5977
2527 1 5978 5979
2528 1 5978 5980
2529 1 5981 5982
2530 1 5981 5983
2531 1 5984 5985
2532 1 5984 5986
2533 1 5987 5988
2534 1 5987 5989
2535 1 5990 5991
2536 1 5990 5992
2537 1 5993 5994
2538 1 5993 5995
2539 1 5996 5997
2540 1 5996 5998
2541 1 5999 6000
2542 1 5999 6001
2543 1 6002 6003
2544 1 6002 6004
2545 1 6005 6006
2546 1 6005 6007
2547 1 6008 6009
2548 1 6008 6010
2549 1 6011 6012
2550 1 6011 6013
2551 1 6014 6015
2552 1 6014 6016
2553 1 6017 6018
2554 1 6017 6019
2555 1 6020 6021
2556 1 6020 6022
2557 1 6023 6024
2558 1 6023 6025
2559 1 6026 6027
2560 1 6026 6028
2561 1 6029 6030
2562 1 6029 6031
2563 1 6032 6033
2564 1 6032 6034
2565 1 6035 6036
2566 1 6035 6037
2567 1 6038 6039
2568 1 6038 6040
2569 1 6041 6042
2570 1 6041 6043
2571 1 6044 6045
2572 1 6044 6046
2573 1 6047 6048
2574 1 6047 6049
2575 1 6050 6051
2576 1 6050 6052
2577 1 6053 6054
2578 1 6053 6055
2579 1 6056 6057
2580 1 6056 6058
2581 1 6059 6060
2582 1 6059 6061
2583 1 6062 6063
2584 1 6062 6064
2585 1 6065 6066
2586 1 6065 6067
2587 1 6068 6069
2588 1 6068 6070
2589 1 6071 6072
2590 1 6071 6073
2591 1 6074 6075
2592 1 6074 6076
2593 1 6077 6078
2594 1 6077 6079
2595 1 6080 6081
2596 1 6080 6082
2597 1 6083 6084
2598 1 6083 6085
2599 1 6086 6087
2600 1 6086 6088
2601 1 6089 6090
2602 1 6089 6091
2603 1 6092 6093
2604 1 6092 6094
2605 1 6095 6096
2606 1 6095 6097
2607 1 6098 6099
2608 1 6098 6100
2609 1 6101 6102
2610 1 6101 6103
2611 1 6104 6105
2612 1 6104 6106
2613 1 6107 6108
2614 1 6107 6109
2615 1 6110 6111
2616 1 6110 6112
2617 1 6113 6114
2618 1 6113 6115
2619 1 6116 6117
2620 1 6116 6118
2621 1 6119 6120
2622 1 6119 6121
2623 1 6122 6123
2624 1 6122 6124
2625 1 6125 6126
2626 1 6125 6127
2627 1 6128 6129
2628 1 6128 6130
2629 1 6131 6132
2630 1 6131 6133
2631 1 6134 6135
2632 1 6134 6136
2633 1 6137 6138
2634 1 6137 6139
2635 1 6140 6141
2636 1 6140 6142
2637 1 6143 6144
2638 1 6143 6145
2639 1 6146 6147
2640 1 6146 6148
2641 1 6149 6150
2642 1 6149 6151
2643 1 6152 6153
2644 1 6152 6154
2645 1 6155 6156
2646 1 6155 6157
2647 1 6158 6159
2648 1 6158 6160
2649 1 6161 6162
2650 1 6161 6163
2651 1 6164 6165
2652 1 6164 6166
2653 1 6167 6168
2654 1 6167 6169
2655 1 6170 6171
2656 1 6170 6172
2657 1 6173 6174
2658 1 6173 6175
2659 1 6176 6177
2660 1 6176 6178
2661 1 6179 6180
2662 1 6179 6181
2663 1 6182 6183
2664 1 6182 6184
2665 1 6185 6186
2666 1 6185 6187
2667 1 6188 6189
2668 1 6188 6190
2669 1 6191 6192
2670 1 6191 6193
2671 1 6194 6195
2672 1 6194 6196
2673 1 6197 6198
2674 1 6197 6199
2675 1 6200 6201
2676 1 6200 6202
2677 1 6203 6204
2678 1 6203 6205
2679 1 6206 6207
2680 1 6206 6208
2681 1 6209 6210
2682 1 6209 6211
2683 1 6212 6213
2684 1 6212 6214
2685 1 6215 6216
2686 1 6215 6217
2687 1 6218 6219
2688 1 6218 6220
2689 1 6221 6222
2690 1 6221 6223
2691 1 6224 6225
2692 1 6224 6226
2693 1 6227 6228
2694 1 6227 6229
2695 1 6230 6231
2696 1 6230 6232
2697 1 6233 6234
2698 1 6233 6235
2699 1 6236 6237
2700 1 6236 6238
2701 1 6239 6240
2702 1 6239 6241
2703 1 6242 6243
2704 1 6242 6244
2705 1 6245 6246
2706 1 6245 6247
2707 1 6248 6249
2708 1 6248 6250
2709 1 6251 6252
2710 1 6251 6253
2711 1 6254 6255
2712 1 6254 6256
2713 1 6257 6258
2714 1 6257 6259
2715 1 6260 6261
2716 1 6260 6262
2717 1 6263 6264
2718 1 6263 6265
2719 1 6266 6267
2720 1 6266 6268
2721 1 6269 6270
2722 1 6269 6271
2723 1 6272 6273
2724 1 6272 6274
2725 1 6275 6276
2726 1 6275 6277
2727 1 6278 6279
2728 1 6278 6280
2729 1 6281 6282
2730 1 6281 6283
2731 1 6284 6285
2732 1 6284 6286
2733 1 6287 6288
2734 1 6287 6289
2735 1 6290 6291
2736 1 6290 6292
2737 1 6293 6294
2738 1 6293 6295
2739 1 6296 6297
2740 1 6296 6298
2741 1 6299 6300
2742 1 6299 6301
2743 1 6302 6303
2744 1 6302 6304
2745 1 6305 6306
2746 1 6305 6307
2747 1 6308 6309
2748 1 6308 6310
2749 1 6311 6312
2750 1 6311 6313
2751 1 6314 6315
2752 1 6314 6316
2753 1 6317 6318
2754 1 6317 6319
2755 1 6320 6321
2756 1 6320 6322
2757 1 6323 6324
2758 1 6323 6325
2759 1 6326 6327
2760 1 6326 6328
2761 1 6329 6330
2762 1 6329 6331
2763 1 6332 6333
2764 1 6332 6334
2765 1 6335 6336
2766 1 6335 6337
2767 1 6338 6339
2768 1 6338 6340
2769 1 6341 6342
2770 1 6341 6343
2771 1 6344 6345
2772 1 6344 6346
2773 1 6347 6348
2774 1 6347 6349
2775 1 6350 6351
2776 1 6350 6352
2777 1 6353 6354
2778 1 6353 6355
2779 1 6356 6357
2780 1 6356 6358
2781 1 6359 6360
2782 1 6359 6361
2783 1 6362 6363
2784 1 6362 6364
2785 1 6365 6366
2786 1 6365 6367
2787 1 6368 6369
2788 1 6368 6370
2789 1 6371 6372
2790 1 6371 6373
2791 1 6374 6375
2792 1 6374 6376
2793 1 6377 6378
2794 1 6377 6379
2795 1 6380 6381
2796 1 6380 6382
2797 1 6383 6384
2798 1 6383 6385
2799 1 6386 6387
2800 1 6386 6388
2801 1 6389 6390
2802 1 6389 6391
2803 1 6392 6393
2804 1 6392 6394
2805 1 6395 6396
2806 1 6395 6397
2807 1 6398 6399
2808 1 6398 6400
2809 1 6401 6402
2810 1 6401 6403
2811 1 6404 6405
2812 1 6404 6406
2813 1 6407 6408
2814 1 6407 6409
2815 1 6410 6411
2816 1 6410 6412
2817 1 6413 6414
2818 1 6413 6415
2819 1 6416 6417
2820 1 6416 6418
2821 1 6419 6420
2822 1 6419 6421
2823 1 6422 6423
2824 1 6422 6424
2825 1 6425 6426
2826 1 6425 6427
2827 1 6428 6429
2828 1 6428 6430
2829 1 6431 6432
2830 1 6431 6433
2831 1 6434 6435
2832 1 6434 6436
2833 1 6437 6438
2834 1 6437 6439
2835 1 6440 6441
2836 1 6440 6442
2837 1 6443 6444
2838 1 6443 6445
2839 1 6446 6447
2840 1 6446 6448
2841 1 6449 6450
2842 1 6449 6451
2843 1 6452 6453
2844 1 6452 6454
2845 1 6455 6456
2846 1 6455 6457
2847 1 6458 6459
2848 1 6458 6460
2849 1 6461 6462
2850 1 6461 6463
2851 1 6464 6465
2852 1 6464 6466
2853 1 6467 6468
2854 1 6467 6469
2855 1 6470 6471
2856 1 6470 6472
2857 1 6473 6474
2858 1 6473 6475
2859 1 6476 6477
2860 1 6476 6478
2861 1 6479 6480
2862 1 6479 6481
2863 1 6482 6483
2864 1 6482 6484
2865 1 6485 6486
2866 1 6485 6487
2867 1 6488 6489
2868 1 6488 6490
2869 1 6491 6492
2870 1 6491 6493
2871 1 6494 6495
2872 1 6494 6496
2873 1 6497 6498
2874 1 6497 6499
2875 1 6500 6501
2876 1 6500 6502
2877 1 6503 6504
2878 1 6503 6505
2879 1 6506 6507
2880 1 6506 6508
2881 1 6509 6510
2882 1 6509 6511
2883 1 6512 6513
2884 1 6512 6514
2885 1 6515 6516
2886 1 6515 6517
2887 1 6518 6519
2888 1 6518 6520
2889 1 6521 6522
2890 1 6521 6523
2891 1 6524 6525
2892 1 6524 6526
2893 1 6527 6528
2894 1 6527 6529
2895 1 6530 6531
2896 1 6530 6532
2897 1 6533 6534
2898 1 6533 6535
2899 1 6536 6537
2900 1 6536 6538
2901 1 6539 6540
2902 1 6539 6541
2903 1 6542 6543
2904 1 6542 6544
2905 1 6545 6546
2906 1 6545 6547
2907 1 6548 6549
2908 1 6548 6550
2909 1 6551 6552
2910 1 6551 6553
2911 1 6554 6555
2912 1 6554 6556
2913 1 6557 6558
2914 1 6557 6559
2915 1 6560 6561
2916 1 6560 6562
2917 1 6563 6564
2918 1 6563 6565
2919 1 6566 6567
2920 1 6566 6568
2921 1 6569 6570
2922 1 6569 6571
2923 1 6572 6573
2924 1 6572 6574
2925 1 6575 6576
2926 1 6575 6577
2927 1 6578 6579
2928 1 6578 6580
2929 1 6581 6582
2930 1 6581 6583
2931 1 6584 6585
2932 1 6584 6586
2933 1 6587 6588
2934 1 6587 6589
2935 1 6590 6591
2936 1 6590 6592
2937 1 6593 6594
2938 1 6593 6595
2939 1 6596 6597
2940 1 6596 6598
2941 1 6599 6600
2942 1 6599 6601
2943 1 6602 6603
2944 1 6602 6604
2945 1 6605 6606
2946 1 6605 6607
2947 1 6608 6609
2948 1 6608 6610
2949 1 6611 6612
2950 1 6611 6613
2951 1 6614 6615
2952 1 6614 6616
2953 1 6617 6618
2954 1 6617 6619
2955 1 6620 6621
2956 1 6620 6622
2957 1 6623 6624
2958 1 6623 6625
2959 1 6626 6627
2960 1 6626 6628
2961 1 6629 6630
2962 1 6629 6631
2963 1 6632 6633
2964 1 6632 6634
2965 1 6635 6636
2966 1 6635 6637
2967 1 6638 6639
2968 1 6638 6640
2969 1 6641 6642
2970 1 6641 6643
2971 1 6644 6645
2972 1 6644 6646
2973 1 6647 6648
2974 1 6647 6649
2975 1 6650 6651
2976 1 6650 6652
2977 1 6653 6654
2978 1 6653 6655
2979 1 6656 6657
2980 1 6656 6658
2981 1 6659 6660
2982 1 6659 6661
2983 1 6662 6663
2984 1 6662 6664
2985 1 6665 6666
2986 1 6665 6667
2987 1 6668 6669
2988 1 6668 6670
2989 1 6671 6672
2990 1 6671 6673
2991 1 6674 6675
2992 1 6674 6676
2993 1 6677 6678
2994 1 6677 6679
2995 1 6680 6681
2996 1 6680 6682
2997 1 6683 6684
2998 1 6683 6685
2999 1 6686 6687
3000 1 6686 6688
3001 1 6689 6690
3002 1 6689 6691
3003 1 6692 6693
3004 1 6692 6694
3005 1 6695 6696
3006 1 6695 6697
3007 1 6698 6699
3008 1 6698 6700
3009 1 6701 6702
3010 1 6701 6703
3011 1 6704 6705
3012 1 6704 6706
3013 1 6707 6708
3014 1 6707 6709
3015 1 6710 6711
3016 1 6710 6712
3017 1 6713 6714
3018 1 6713 6715
3019 1 6716 6717
3020 1 6716 6718
3021 1 6719 6720
3022 1 6719 6721
3023 1 6722 6723
3024 1 6722 6724
3025 1 6725 6726
3026 1 6725 6727
3027 1 6728 6729
3028 1 6728 6730
3029 1 6731 6732
3030 1 6731 6733
3031 1 6734 6735
3032 1 6734 6736
3033 1 6737 6738
3034 1 6737 6739
3035 1 6740 6741
3036 1 6740 6742
3037 1 6743 6744
3038 1 6743 6745
3039 1 6746 6747
3040 1 6746 6748
3041 1 6749 6750
3042 1 6749 6751
3043 1 6752 6753
3044 1 6752 6754
3045 1 6755 6756
3046 1 6755 6757
3047 1 6758 6759
3048 1 6758 6760
3049 1 6761 6762
3050 1 6761 6763
3051 1 6764 6765
3052 1 6764 6766
3053 1 6767 6768
3054 1 6767 6769
3055 1 6770 6771
3056 1 6770 6772
3057 1 6773 6774
3058 1 6773 6775
3059 1 6776 6777
3060 1 6776 6778
3061 1 6779 6780
3062 1 6779 6781
3063 1 6782 6783
3064 1 6782 6784
3065 1 6785 6786
3066 1 6785 6787
3067 1 6788 6789
3068 1 6788 6790
3069 1 6791 6792
3070 1 6791 6793
3071 1 6794 6795
3072 1 6794 6796
3073 1 6797 6798
3074 1 6797 6799
3075 1 6800 6801
3076 1 6800 6802
3077 1 6803 6804
3078 1 6803 6805
3079 1 6806 6807
3080 1 6806 6808
3081 1 6809 6810
3082 1 6809 6811
3083 1 6812 6813
3084 1 6812 6814
3085 1 6815 6816
3086 1 6815 6817
3087 1 6818 6819
3088 1 6818 6820
3089 1 6821 6822
3090 1 6821 6823
3091 1 6824 6825
3092 1 6824 6826
3093 1 6827 6828
3094 1 6827 6829
3095 1 6830 6831
3096 1 6830 6832
3097 1 6833 6834
3098 1 6833 6835
3099 1 6836 6837
3100 1 6836 6838
3101 1 6839 6840
3102 1 6839 6841
3103 1 6842 6843
3104 1 6842 6844
3105 1 6845 6846
3106 1 6845 6847
3107 1 6848 6849
3108 1 6848 6850
3109 1 6851 6852
3110 1 6851 6853
3111 1 6854 6855
3112 1 6854 6856
3113 1 6857 6858
3114 1 6857 6859
3115 1 6860 6861
3116 1 6860 6862
3117 1 6863 6864
3118 1 6863 6865
3119 1 6866 6867
3120 1 6866 6868
3121 1 6869 6870
3122 1 6869 6871
3123 1 6872 6873
3124 1 6872 6874
3125 1 6875 6876
3126 1 6875 6877
3127 1 6878 6879
3128 1 6878 6880
3129 1 6881 6882
3130 1 6881 6883
3131 1 6884 6885
3132 1 6884 6886
3133 1 6887 6888
3134 1 6887 6889
3135 1 6890 6891
3136 1 6890 6892
3137 1 6893 6894
3138 1 6893 6895
3139 1 6896 6897
3140 1 6896 6898
3141 1 6899 6900
3142 1 6899 6901
3143 1 6902 6903
3144 1 6902 6904
3145 1 6905 6906
3146 1 6905 6907
3147 1 6908 6909
3148 1 6908 6910
3149 1 6911 6912
3150 1 6911 6913
3151 1 6914 6915
3152 1 6914 6916
3153 1 6917 6918
3154 1 6917 6919
3155 1 6920 6921
3156 1 6920 6922
3157 1 6923 6924
3158 1 6923 6925
3159 1 6926 6927
3160 1 6926 6928
3161 1 6929 6930
3162 1 6929 6931
3163 1 6932 6933
3164 1 6932 6934
3165 1 6935 6936
3166 1 6935 6937
3167 1 6938 6939
3168 1 6938 6940
3169 1 6941 6942
3170 1 6941 6943
3171 1 6944 6945
3172 1 6944 6946
3173 1 6947 6948
3174 1 6947 6949
3175 1 6950 6951
3176 1 6950 6952
3177 1 6953 6954
3178 1 6953 6955
3179 1 6956 6957
3180 1 6956 6958
3181 1 6959 6960
3182 1 6959 6961
3183 1 6962 6963
3184 1 6962 6964
3185 1 6965 6966
3186 1 6965 6967
3187 1 6968 6969
3188 1 6968 6970
3189 1 6971 6972
3190 1 6971 6973
3191 1 6974 6975
3192 1 6974 6976
3193 1 6977 6978
3194 1 6977 6979
3195 1 6980 6981
3196 1 6980 6982
3197 1 6983 6984
3198 1 6983 6985
3199 1 6986 6987
3200 1 6986 6988
3201 1 6989 6990
3202 1 6989 6991
3203 1 6992 6993
3204 1 6992 6994
3205 1 6995 6996
3206 1 6995 6997
3207 1 6998 6999
3208 1 6998 7000
3209 1 7001 7002
3210 1 7001 7003
3211 1 7004 7005
3212 1 7004 7006
3213 1 7007 7008
3214 1 7007 7009
3215 1 7010 7011
3216 1 7010 7012
3217 1 7013 7014
3218 1 7013 7015
3219 1 7016 7017
3220 1 7016 7018
3221 1 7019 7020
3222 1 7019 7021
3223 1 7022 7023
3224 1 7022 7024
3225 1 7025 7026
3226 1 7025 7027
3227 1 7028 7029
3228 1 7028 7030
3229 1 7031 7032
3230 1 7031 7033
3231 1 7034 7035
3232 1 7034 7036
3233 1 7037 7038
3234 1 7037 7039
3235 1 7040 7041
3236 1 7040 7042
3237 1 7043 7044
3238 1 7043 7045
3239 1 7046 7047
3240 1 7046 7048
3241 1 7049 7050
3242 1 7049 7051
3243 1 7052 7053
3244 1 7052 7054
3245 1 7055 7056
3246 1 7055 7057
3247 1 7058 7059
3248 1 7058 7060
3249 1 7061 7062
3250 1 7061 7063
3251 1 7064 7065
3252 1 7064 7066
3253 1 7067 7068
3254 1 7067 7069
3255 1 7070 7071
3256 1 7070 7072
3257 1 7073 7074
3258 1 7073 7075
3259 1 7076 7077
3260 1 7076 7078
3261 1 7079 7080
3262 1 7079 7081
3263 1 7082 7083
3264 1 7082 7084
3265 1 7085 7086
3266 1 7085 7087
3267 1 7088 7089
3268 1 7088 7090
3269 1 7091 7092
3270 1 7091 7093
3271 1 7094 7095
3272 1 7094 7096
3273 1 7097 7098
3274 1 7097 7099
3275 1 7100 7101
3276 1 7100 7102
3277 1 7103 7104
3278 1 7103 7105
3279 1 7106 7107
3280 1 7106 7108
3281 1 7109 7110
3282 1 7109 7111
3283 1 7112 7113
3284 1 7112 7114
3285 1 7115 7116
3286 1 7115 7117
3287 1 7118 7119
3288 1 7118 7120
3289 1 7121 7122
3290 1 7121 7123
3291 1 7124 7125
3292 1 7124 7126
3293 1 7127 7128
3294 1 7127 7129
3295 1 7130 7131
3296 1 7130 7132
3297 1 7133 7134
3298 1 7133 7135
3299 1 7136 7137
3300 1 7136 7138
3301 1 7139 7140
3302 1 7139 7141
3303 1 7142 7143
3304 1 7142 7144
3305 1 7145 7146
3306 1 7145 7147
3307 1 7148 7149
3308 1 7148 7150
3309 1 7151 7152
3310 1 7151 7153
3311 1 7154 7155
3312 1 7154 7156
3313 1 7157 7158
3314 1 7157 7159
3315 1 7160 7161
3316 1 7160 7162
3317 1 7163 7164
3318 1 7163 7165
3319 1 7166 7167
3320 1 7166 7168
3321 1 7169 7170
3322 1 7169 7171
3323 1 7172 7173
3324 1 7172 7174
3325 1 7175 7176
3326 1 7175 7177
3327 1 7178 7179
3328 1 7178 7180
3329 1 7181 7182
3330 1 7181 7183
3331 1 7184 7185
3332 1 7184 7186
3333 1 7187 7188
3334 1 7187 7189
3335 1 7190 7191
3336 1 7190 7192
3337 1 7193 7194
3338 1 7193 7195
3339 1 7196 7197
3340 1 7196 7198
3341 1 7199 7200
3342 1 7199 7201
3343 1 7202 7203
3344 1 7202 7204
3345 1 7205 7206
3346 1 7205 7207
3347 1 7208 7209
3348 1 7208 7210
3349 1 7211 7212
3350 1 7211 7213
3351 1 7214 7215
3352 1 7214 7216
3353 1 7217 7218
3354 1 7217 7219
3355 1 7220 7221
3356 1 7220 7222
3357 1 7223 7224
3358 1 7223 7225
3359 1 7226 7227
3360 1 7226 7228
3361 1 7229 7230
3362 1 7229 7231
3363 1 7232 7233
3364 1 7232 7234
3365 1 7235 7236
3366 1 7235 7237
3367 1 7238 7239
3368 1 7238 7240
3369 1 7241 7242
3370 1 7241 7243
3371 1 7244 7245
3372 1 7244 7246
3373 1 7247 7248
3374 1 7247 7249
3375 1 7250 7251
3376 1 7250 7252
3377 1 7253 7254
3378 1 7253 7255
3379 1 7256 7257
3380 1 7256 7258
3381 1 7259 7260
3382 1 7259 7261
3383 1 7262 7263
3384 1 7262 7264
3385 1 7265 7266
3386 1 7265 7267
3387 1 7268 7269
3388 1 7268 7270
3389 1 7271 7272
3390 1 7271 7273
3391 1 7274 7275
3392 1 7274 7276
3393 1 7277 7278
3394 1 7277 7279
3395 1 7280 7281
3396 1 7280 7282
3397 1 7283 7284
3398 1 7283 7285
3399 1 7286 7287
3400 1 7286 7288
3401 1 7289 7290
3402 1 7289 7291
3403 1 7292 7293
3404 1 7292 7294
3405 1 7295 7296
3406 1 7295 7297
3407 1 7298 7299
3408 1 7298 7300
3409 1 7301 7302
3410 1 7301 7303
3411 1 7304 7305
3412 1 7304 7306
3413 1 7307 7308
3414 1 7307 7309
3415 1 7310 7311
3416 1 7310 7312
3417 1 7313 7314
3418 1 7313 7315
3419 1 7316 7317
3420 1 7316 7318
3421 1 7319 7320
3422 1 7319 7321
3423 1 7322 7323
3424 1 7322 7324
3425 1 7325 7326
3426 1 7325 7327
3427 1 7328 7329
3428 1 7328 7330
3429 1 7331 7332
3430 1 7331 7333
3431 1 7334 7335
3432 1 7334 7336
3433 1 7337 7338
3434 1 7337 7339
3435 1 7340 7341
3436 1 7340 7342
3437 1 7343 7344
3438 1 7343 7345
3439 1 7346 7347
3440 1 7346 7348
3441 1 7349 7350
3442 1 7349 7351
3443 1 7352 7353
3444 1 7352 7354
3445 1 7355 7356
3446 1 7355 7357
3447 1 7358 7359
3448 1 7358 7360
3449 1 7361 7362
3450 1 7361 7363
3451 1 7364 7365
3452 1 7364 7366
3453 1 7367 7368
3454 1 7367 7369
3455 1 7370 7371
3456 1 7370 7372
3457 1 7373 7374
3458 1 7373 7375
3459 1 7376 7377
3460 1 7376 7378
3461 1 7379 7380
3462 1 7379 7381
3463 1 7382 7383
3464 1 7382 7384
3465 1 7385 7386
3466 1 7385 7387
3467 1 7388 7389
3468 1 7388 7390
3469 1 7391 7392
3470 1 7391 7393
3471 1 7394 7395
3472 1 7394 7396
3473 1 7397 7398
3474 1 7397 7399
3475 1 7400 7401
3476 1 7400 7402
3477 1 7403 7404
3478 1 7403 7405
3479 1 7406 7407
3480 1 7406 7408
3481 1 7409 7410
3482 1 7409 7411
3483 1 7412 7413
3484 1 7412 7414
3485 1 7415 7416
3486 1 7415 7417
3487 1 7418 7419
3488 1 7418 7420
3489 1 7421 7422
3490 1 7421 7423
3491 1 7424 7425
3492 1 7424 7426
3493 1 7427 7428
3494 1 7427 7429
3495 1 7430 7431
3496 1 7430 7432
3497 1 7433 7434
3498 1 7433 7435
3499 1 7436 7437
3500 1 7436 7438
3501 1 7439 7440
3502 1 7439 7441
3503 1 7442 7443
3504 1 7442 7444
3505 1 7445 7446
3506 1 7445 7447
3507 1 7448 7449
3508 1 7448 7450
3509 1 7451 7452
3510 1 7451 7453
3511 1 7454 7455
3512 1 7454 7456
3513 1 7457 7458
3514 1 7457 7459
3515 1 7460 7461
3516 1 7460 7462
3517 1 7463 7464
3518 1 7463 7465
3519 1 7466 7467
3520 1 7466 7468
3521 1 7469 7470
3522 1 7469 7471
3523 1 7472 7473
3524 1 7472 7474
3525 1 7475 7476
3526 1 7475 7477
3527 1 7478 7479
3528 1 7478 7480
3529 1 7481 7482
3530 1 7481 7483
3531 1 7484 7485
3532 1 7484 7486
3533 1 7487 7488
3534 1 7487 7489
3535 1 7490 7491
3536 1 7490 7492
3537 1 7493 7494
3538 1 7493 7495
3539 1 7496 7497
3540 1 7496 7498
3541 1 7499 7500
3542 1 7499 7501
3543 1 7502 7503
3544 1 7502 7504
3545 1 7505 7506
3546 1 7505 7507
3547 1 7508 7509
3548 1 7508 7510
3549 1 7511 7512
3550 1 7511 7513
3551 1 7514 7515
3552 1 7514 7516
3553 1 7517 7518
3554 1 7517 7519
3555 1 7520 7521
3556 1 7520 7522
3557 1 7523 7524
3558 1 7523 7525
3559 1 7526 7527
3560 1 7526 7528
3561 1 7529 7530
3562 1 7529 7531
3563 1 7532 7533
3564 1 7532 7534
3565 1 7535 7536
3566 1 7535 7537
3567 1 7538 7539
3568 1 7538 7540
3569 1 7541 7542
3570 1 7541 7543
3571 1 7544 7545
3572 1 7544 7546
3573 1 7547 7548
3574 1 7547 7549
3575 1 7550 7551
3576 1 7550 7552
3577 1 7553 7554
3578 1 7553 7555
3579 1 7556 7557
3580 1 7556 7558
3581 1 7559 7560
3582 1 7559 7561
3583 1 7562 7563
3584 1 7562 7564
3585 1 7565 7566
3586 1 7565 7567
3587 1 7568 7569
3588 1 7568 7570
3589 1 7571 7572
3590 1 7571 7573
3591 1 7574 7575
3592 1 7574 7576
3593 1 7577 7578
3594 1 7577 7579
3595 1 7580 7581
3596 1 7580 7582
3597 1 7583 7584
3598 1 7583 7585
3599 1 7586 7587
3600 1 7586 7588
3601 1 7589 7590
3602 1 7589 7591
3603 1 7592 7593
3604 1 7592 7594
3605 1 7595 7596
3606 1 7595 7597
3607 1 7598 7599
3608 1 7598 7600
3609 1 7601 7602
3610 1 7601 7603
3611 1 7604 7605
3612 1 7604 7606
3613 1 7607 7608
3614 1 7607 7609
3615 1 7610 7611
3616 1 7610 7612
3617 1 7613 7614
3618 1 7613 7615
3619 1 7616 7617
3620 1 7616 7618
3621 1 7619 7620
3622 1 7619 7621
3623 1 7622 7623
3624 1 7622 7624
3625 1 7625 7626
3626 1 7625 7627
3627 1 7628 7629
3628 1 7628 7630
3629 1 7631 7632
3630 1 7631 7633
3631 1 7634 7635
3632 1 7634 7636
3633 1 7637 7638
3634 1 7637 7639
3635 1 7640 7641
3636 1 7640 7642
3637 1 7643 7644
3638 1 7643 7645
3639 1 7646 7647
3640 1 7646 7648
3641 1 7649 7650
3642 1 7649 7651
3643 1 7652 7653
3644 1 7652 7654
3645 1 7655 7656
3646 1 7655 7657
3647 1 7658 7659
3648 1 7658 7660
3649 1 7661 7662
3650 1 7661 7663
3651 1 7664 7665
3652 1 7664 7666
3653 1 7667 7668
3654 1 7667 7669
3655 1 7670 7671
3656 1 7670 7672
3657 1 7673 7674
3658 1 7673 7675
3659 1 7676 7677
3660 1 7676 7678
3661 1 7679 7680
3662 1 7679 7681
3663 1 7682 7683
3664 1 7682 7684
3665 1 7685 7686
3666 1 7685 7687
3667 1 7688 7689
3668 1 7688 7690
3669 1 7691 7692
3670 1 7691 7693
3671 1 7694 7695
3672 1 7694 7696
3673 1 7697 7698
3674 1 7697 7699
3675 1 7700 7701
3676 1 7700 7702
3677 1 7703 7704
3678 1 7703 7705
3679 1 7706 7707
3680 1 7706 7708
3681 1 7709 7710
3682 1 7709 7711
3683 1 7712 7713
3684 1 7712 7714
3685 1 7715 7716
3686 1 7715 7717
3687 1 7718 7719
3688 1 7718 7720
3689 1 7721 7722
3690 1 7721 7723
3691 1 7724 7725
3692 1 7724 7726
3693 1 7727 7728
3694 1 7727 7729
3695 1 7730 7731
3696 1 7730 7732
3697 1 7733 7734
3698 1 7733 7735
3699 1 7736 7737
3700 1 7736 7738
3701 1 7739 7740
3702 1 7739 7741
3703 1 7742 7743
3704 1 7742 7744
3705 1 7745 7746
3706 1 7745 7747
3707 1 7748 7749
3708 1 7748 7750
3709 1 7751 7752
3710 1 7751 7753
3711 1 7754 7755
3712 1 7754 7756
3713 1 7757 7758
3714 1 7757 7759
3715 1 7760 7761
3716 1 7760 7762
3717 1 7763 7764
3718 1 7763 7765
3719 1 7766 7767
3720 1 7766 7768
3721 1 7769 7770
3722 1 7769 7771
3723 1 7772 7773
3724 1 7772 7774
3725 1 7775 7776
3726 1 7775 7777
3727 1 7778 7779
3728 1 7778 7780
3729 1 7781 7782
3730 1 7781 7783
3731 1 7784 7785
3732 1 7784 7786
3733 1 7787 7788
3734 1 7787 7789
3735 1 7790 7791
3736 1 7790 7792
3737 1 7793 7794
3738 1 7793 7795
3739 1 7796 7797
3740 1 7796 7798
3741 1 7799 7800
3742 1 7799 7801
3743 1 7802 7803
3744 1 7802 7804
3745 1 7805 7806
3746 1 7805 7807
3747 1 7808 7809
3748 1 7808 7810
3749 1 7811 7812
3750 1 7811 7813
3751 1 7814 7815
3752 1 7814 7816
3753 1 7817 7818
3754 1 7817 7819
3755 1 7820 7821
3756 1 7820 7822
3757 1 7823 7824
3758 1 7823 7825
3759 1 7826 7827
3760 1 7826 7828
3761 1 7829 7830
3762 1 7829 7831
3763 1 7832 7833
3764 1 7832 7834
3765 1 7835 7836
3766 1 7835 7837
3767 1 7838 7839
3768 1 7838 7840
3769 1 7841 7842
3770 1 7841 7843
3771 1 7844 7845
3772 1 7844 7846
3773 1 7847 7848
3774 1 7847 7849
3775 1 7850 7851
3776 1 7850 7852
3777 1 7853 7854
3778 1 7853 7855
3779 1 7856 7857
3780 1 7856 7858
3781 1 7859 7860
3782 1 7859 7861
3783 1 7862 7863
3784 1 7862 7864
3785 1 7865 7866
3786 1 7865 7867
3787 1 7868 7869
3788 1 7868 7870
3789 1 7871 7872
3790 1 7871 7873
3791 1 7874 7875
3792 1 7874 7876
3793 1 7877 7878
3794 1 7877 7879
3795 1 7880 7881
3796 1 7880 7882
3797 1 7883 7884
3798 1 7883 7885
3799 1 7886 7887
3800 1 7886 7888
3801 1 7889 7890
3802 1 7889 7891
3803 1 7892 7893
3804 1 7892 7894
3805 1 7895 7896
3806 1 7895 7897
3807 1 7898 7899
3808 1 7898 7900
3809 1 7901 7902
3810 1 7901 7903
3811 1 7904 7905
3812 1 7904 7906
3813 1 7907 7908
3814 1 7907 7909
3815 1 7910 7911
3816 1 7910 7912
3817 1 7913 7914
3818 1 7913 7915
3819 1 7916 7917
3820 1 7916 7918
3821 1 7919 7920
3822 1 7919 7921
3823 1 7922 7923
3824 1 7922 7924
3825 1 7925 7926
3826 1 7925 7927
3827 1 7928 7929
3828 1 7928 7930
3829 1 7931 7932
3830 1 7931 7933
3831 1 7934 7935
3832 1 7934 7936
3833 1 7937 7938
3834 1 7937 7939
3835 1 7940 7941
3836 1 7940 7942
3837 1 7943 7944
3838 1 7943 7945
3839 1 7946 7947
3840 1 7946 7948
3841 1 7949 7950
3842 1 7949 7951
3843 1 7952 7953
3844 1 7952 7954
3845 1 7955 7956
3846 1 7955 7957
3847 1 7958 7959
3848 1 7958 7960
3849 1 7961 7962
3850 1 7961 7963
3851 1 7964 7965
3852 1 7964 7966
3853 1 7967 7968
3854 1 7967 7969
3855 1 7970 7971
3856 1 7970 7972
3857 1 7973 7974
3858 1 7973 7975
3859 1 7976 7977
3860 1 7976 7978
3861 1 7979 7980
3862 1 7979 7981
3863 1 7982 7983
3864 1 7982 7984
3865 1 7985 7986
3866 1 7985 7987
3867 1 7988 7989
3868 1 7988 7990
3869 1 7991 7992
3870 1 7991 7993
3871 1 7994 7995
3872 1 7994 7996
3873 1 7997 7998
3874 1 7997 7999
3875 1 8000 8001
3876 1 8000 8002
3877 1 8003 8004
3878 1 8003 8005
3879 1 8006 8007
3880 1 8006 8008
3881 1 8009 8010
3882 1 8009 8011
3883 1 8012 8013
3884 1 8012 8014
3885 1 8015 8016
3886 1 8015 8017
3887 1 8018 8019
3888 1 8018 8020
3889 1 8021 8022
3890 1 8021 8023
3891 1 8024 8025
3892 1 8024 8026
3893 1 8027 8028
3894 1 8027 8029
3895 1 8030 8031
3896 1 8030 8032
3897 1 8033 8034
3898 1 8033 8035
3899 1 8036 8037
3900 1 8036 8038
3901 1 8039 8040
3902 1 8039 8041
3903 1 8042 8043
3904 1 8042 8044
3905 1 8045 8046
3906 1 8045 8047
3907 1 8048 8049
3908 1 8048 8050
3909 1 8051 8052
3910 1 8051 8053
3911 1 8054 8055
3912 1 8054 8056
3913 1 8057 8058
3914 1 8057 8059
3915 1 8060 8061
3916 1 8060 8062
3917 1 8063 8064
3918 1 8063 8065
3919 1 8066 8067
3920 1 8066 8068
3921 1 8069 8070
3922 1 8069 8071
3923 1 8072 8073
3924 1 8072 8074
3925 1 8075 8076
3926 1 8075 8077
3927 1 8078 8079
3928 1 8078 8080
3929 1 8081 8082
3930 1 8081 8083
3931 1 8084 8085
3932 1 8084 8086
3933 1 8087 8088
3934 1 8087 8089
3935 1 8090 8091
3936 1 8090 8092
3937 1 8093 8094
3938 1 8093 8095
3939 1 8096 8097
3940 1 8096 8098
3941 1 8099 8100
3942 1 8099 8101
3943 1 8102 8103
3944 1 8102 8104
3945 1 8105 8106
3946 1 8105 8107
3947 1 8108 8109
3948 1 8108 8110
3949 1 8111 8112
3950 1 8111 8113
3951 1 8114 8115
3952 1 8114 8116
3953 1 8117 8118
3954 1 8117 8119
3955 1 8120 8121
3956 1 8120 8122
3957 1 8123 8124
3958 1 8123 8125
3959 1 8126 8127
3960 1 8126 8128
3961 1 8129 8130
3962 1 8129 8131
3963 1 8132 8133
3964 1 8132 8134
3965 1 8135 8136
3966 1 8135 8137
3967 1 8138 8139
3968 1 8138 8140
3969 1 8141 8142
3970 1 8141 8143
3971 1 8144 8145
3972 1 8144 8146
3973 1 8147 8148
3974 1 8147 8149
3975 1 8150 8151
3976 1 8150 8152
3977 1 8153 8154
3978 1 8153 8155
3979 1 8156 8157
3980 1 8156 8158
3981 1 8159 8160
3982 1 8159 8161
3983 1 8162 8163
3984 1 8162 8164
3985 1 8165 8166
3986 1 8165 8167
3987 1 8168 8169
3988 1 8168 8170
3989 1 8171 8172
3990 1 8171 8173
3991 1 8174 8175
3992 1 8174 8176
3993 1 8177 8178
3994 1 8177 8179
3995 1 8180 8181
3996 1 8180 8182
3997 1 8183 8184
3998 1 8183 8185
3999 1 8186 8187
4000 1 8186 8188
4001 1 8189 8190
4002 1 8189 8191
4003 1 8192 8193
4004 1 8192 8194
4005 1 8195 8196
4006 1 8195 8197
4007 1 8198 8199
4008 1 8198 8200
4009 1 8201 8202
4010 1 8201 8203
4011 1 8204 8205
4012 1 8204 8206
4013 1 8207 8208
4014 1 8207 8209
4015 1 8210 8211
4016 1 8210 8212
4017 1 8213 8214
4018 1 8213 8215
4019 1 8216 8217
4020 1 8216 8218
4021 1 8219 8220
4022 1 8219 8221
4023 1 8222 8223
4024 1 8222 8224
4025 1 8225 8226
4026 1 8225 8227
4027 1 8228 8229
4028 1 8228 8230
4029 1 8231 8232
4030 1 8231 8233
4031 1 8234 8235
4032 1 8234 8236
4033 1 8237 8238
4034 1 8237 8239
4035 1 8240 8241
4036 1 8240 8242
4037 1 8243 8244
4038 1 8243 8245
4039 1 8246 8247
4040 1 8246 8248
4041 1 8249 8250
4042 1 8249 8251
4043 1 8252 8253
4044 1 8252 8254
4045 1 8255 8256
4046 1 8255 8257
4047 1 8258 8259
4048 1 8258 8260
4049 1 8261 8262
4050 1 8261 8263
4051 1 8264 8265
4052 1 8264 8266
4053 1 8267 8268
4054 1 8267 8269
4055 1 8270 8271
4056 1 8270 8272
4057 1 8273 8274
4058 1 8273 8275
4059 1 8276 8277
4060 1 8276 8278
4061 1 8279 8280
4062 1 8279 8281
4063 1 8282 8283
4064 1 8282 8284
4065 1 8285 8286
4066 1 8285 8287
4067 1 8288 8289
4068 1 8288 8290
4069 1 8291 8292
4070 1 8291 8293
4071 1 8294 8295
4072 1 8294 8296
4073 1 8297 8298
4074 1 8297 8299
4075 1 8300 8301
4076 1 8300 8302
4077 1 8303 8304
4078 1 8303 8305
4079 1 8306 8307
4080 1 8306 8308
4081 1 8309 8310
4082 1 8309 8311
4083 1 8312 8313
4084 1 8312 8314
4085 1 8315 8316
4086 1 8315 8317
4087 1 8318 8319
4088 1 8318 8320
4089 1 8321 8322
4090 1 8321 8323
4091 1 8324 8325
4092 1 8324 8326
4093 1 8327 8328
4094 1 8327 8329
4095 1 8330 8331
4096 1 8330 8332
4097 1 8333 8334
4098 1 8333 8335
4099 1 8336 8337
4100 1 8336 8338
4101 1 8339 8340
4102 1 8339 8341
4103 1 8342 8343
4104 1 8342 8344
4105 1 8345 8346
4106 1 8345 8347
4107 1 8348 8349
4108 1 8348 8350
4109 1 8351 8352
4110 1 8351 8353
4111 1 8354 8355
4112 1 8354 8356
4113 1 8357 8358
4114 1 8357 8359
4115 1 8360 8361
4116 1 8360 8362
4117 1 8363 8364
4118 1 8363 8365
4119 1 8366 8367
4120 1 8366 8368
4121 1 8369 8370
4122 1 8369 8371
4123 1 8372 8373
4124 1 8372 8374
4125 1 8375 8376
4126 1 8375 8377
4127 1 8378 8379
4128 1 8378 8380
4129 1 8381 8382
4130 1 8381 8383
4131 1 8384 8385
4132 1 8384 8386
4133 1 8387 8388
4134 1 8387 8389
4135 1 8390 8391
4136 1 8390 8392
4137 1 8393 8394
4138 1 8393 8395
4139 1 8396 8397
4140 1 8396 8398
4141 1 8399 8400
4142 1 8399 8401
4143 1 8402 8403
4144 1 8402 8404
4145 1 8405 8406
4146 1 8405 8407
4147 1 8408 8409
4148 1 8408 8410
4149 1 8411 8412
4150 1 8411 8413
4151 1 8414 8415
4152 1 8414 8416
4153 1 8417 8418
4154 1 8417 8419
4155 1 8420 8421
4156 1 8420 8422
4157 1 8423 8424
4158 1 8423 8425
4159 1 8426 8427
4160 1 8426 8428
4161 1 8429 8430
4162 1 8429 8431
4163 1 8432 8433
4164 1 8432 8434
4165 1 8435 8436
4166 1 8435 8437
4167 1 8438 8439
4168 1 8438 8440
4169 1 8441 8442
4170 1 8441 8443
4171 1 8444 8445
4172 1 8444 8446
4173 1 8447 8448
4174 1 8447 8449
4175 1 8450 8451
4176 1 8450 8452
4177 1 8453 8454
4178 1 8453 8455
4179 1 8456 8457
4180 1 8456 8458
4181 1 8459 8460
4182 1 8459 8461
4183 1 8462 8463
4184 1 8462 8464
4185 1 8465 8466
4186 1 8465 8467
4187 1 8468 8469
4188 1 8468 8470
4189 1 8471 8472
4190 1 8471 8473
4191 1 8474 8475
4192 1 8474 8476
4193 1 8477 8478
4194 1 8477 8479
4195 1 8480 8481
4196 1 8480 8482
4197 1 8483 8484
4198 1 8483 8485
4199 1 8486 8487
4200 1 8486 8488
4201 1 8489 8490
4202 1 8489 8491
4203 1 8492 8493
4204 1 8492 8494
4205 1 8495 8496
4206 1 8495 8497
4207 1 8498 8499
4208 1 8498 8500
4209 1 8501 8502
4210 1 8501 8503
4211 1 8504 8505
4212 1 8504 8506
4213 1 8507 8508
4214 1 8507 8509
4215 1 8510 8511
4216 1 8510 8512
4217 1 8513 8514
4218 1 8513 8515
4219 1 8516 8517
4220 1 8516 8518
4221 1 8519 8520
4222 1 8519 8521
4223 1 8522 8523
4224 1 8522 8524
4225 1 8525 8526
4226 1 8525 8527
4227 1 8528 8529
4228 1 8528 8530
4229 1 8531 8532
4230 1 8531 8533
4231 1 8534 8535
4232 1 8534 8536
4233 1 8537 8538
4234 1 8537 8539
4235 1 8540 8541
4236 1 8540 8542
4237 1 8543 8544
4238 1 8543 8545
4239 1 8546 8547
4240 1 8546 8548
4241 1 8549 8550
4242 1 8549 8551
4243 1 8552 8553
4244 1 8552 8554
4245 1 8555 8556
4246 1 8555 8557
4247 1 8558 8559
4248 1 8558 8560
4249 1 8561 8562
4250 1 8561 8563
4251 1 8564 8565
4252 1 8564 8566
4253 1 8567 8568
4254 1 8567 8569
4255 1 8570 8571
4256 1 8570 8572
4257 1 8573 8574
4258 1 8573 8575
4259 1 8576 8577
4260 1 8576 8578
4261 1 8579 8580
4262 1 8579 8581
4263 1 8582 8583
4264 1 8582 8584
4265 1 8585 8586
4266 1 8585 8587
4267 1 8588 8589
4268 1 8588 8590
4269 1 8591 8592
4270 1 8591 8593
4271 1 8594 8595
4272 1 8594 8596
4273 1 8597 8598
4274 1 8597 8599
4275 1 8600 8601
4276 1 8600 8602
4277 1 8603 8604
4278 1 8603 8605
4279 1 8606 8607
4280 1 8606 8608
4281 1 8609 8610
4282 1 8609 8611
4283 1 8612 8613
4284 1 8612 8614
4285 1 8615 8616
4286 1 8615 8617
4287 1 8618 8619
4288 1 8618 8620
4289 1 8621 8622
4290 1 8621 8623
4291 1 8624 8625
4292 1 8624 8626
4293 1 8627 8628
4294 1 8627 8629
4295 1 8630 8631
4296 1 8630 8632
4297 1 8633 8634
4298 1 8633 8635
4299 1 8636 8637
4300 1 8636 8638
4301 1 8639 8640
4302 1 8639 8641
4303 1 8642 8643
4304 1 8642 8644
4305 1 8645 8646
4306 1 8645 8647
4307 1 8648 8649
4308 1 8648 8650
4309 1 8651 8652
4310 1 8651 8653
4311 1 8654 8655
4312 1 8654 8656
4313 1 8657 8658
4314 1 8657 8659
4315 1 8660 8661
4316 1 8660 8662
4317 1 8663 8664
4318 1 8663 8665
4319 1 8666 8667
4320 1 8666 8668
4321 1 8669 8670
4322 1 8669 8671
4323 1 8672 8673
4324 1 8672 8674
4325 1 8675 8676
4326 1 8675 8677
4327 1 8678 8679
4328 1 8678 8680
4329 1 8681 8682
4330 1 8681 8683
4331 1 8684 8685
4332 1 8684 8686
4333 1 8687 8688
4334 1 8687 8689
4335 1 8690 8691
4336 1 8690 8692
4337 1 8693 8694
4338 1 8693 8695
4339 1 8696 8697
4340 1 8696 8698
4341 1 8699 8700
4342 1 8699 8701
4343 1 8702 8703
4344 1 8702 8704
4345 1 8705 8706
4346 1 8705 8707
4347 1 8708 8709
4348 1 8708 8710
4349 1 8711 8712
4350 1 8711 8713
4351 1 8714 8715
4352 1 8714 8716
4353 1 8717 8718
4354 1 8717 8719
4355 1 8720 8721
4356 1 8720 8722
4357 1 8723 8724
4358 1 8723 8725
4359 1 8726 8727
4360 1 8726 8728
4361 1 8729 8730
4362 1 8729 8731
4363 1 8732 8733
4364 1 8732 8734
4365 1 8735 8736
4366 1 8735 8737
4367 1 8738 8739
4368 1 8738 8740
4369 1 8741 8742
4370 1 8741 8743
4371 1 8744 8745
4372 1 8744 8746
4373 1 8747 8748
4374 1 8747 8749
4375 1 8750 8751
4376 1 8750 8752
4377 1 8753 8754
4378 1 8753 8755
4379 1 8756 8757
4380 1 8756 8758
4381 1 8759 8760
4382 1 8759 8761
4383 1 8762 8763
4384 1 8762 8764
4385 1 8765 8766
4386 1 8765 8767
4387 1 8768 8769
4388 1 8768 8770
4389 1 8771 8772
4390 1 8771 8773
4391 1 8774 8775
4392 1 8774 8776
4393 1 8777 8778
4394 1 8777 8779
4395 1 8780 8781
4396 1 8780 8782
4397 1 8783 8784
4398 1 8783 8785
4399 1 8786 8787
4400 1 8786 8788
4401 1 8789 8790
4402 1 8789 8791
4403 1 8792 8793
4404 1 8792 8794
4405 1 8795 8796
4406 1 8795 8797
4407 1 8798 8799
4408 1 8798 8800
4409 1 8801 8802
4410 1 8801 8803
4411 1 8804 8805
4412 1 8804 8806
4413 1 8807 8808
4414 1 8807 8809
4415 1 8810 8811
4416 1 8810 8812
4417 1 8813 8814
4418 1 8813 8815
4419 1 8816 8817
4420 1 8816 8818
4421 1 8819 8820
4422 1 8819 8821
4423 1 8822 8823
4424 1 8822 8824
4425 1 8825 8826
4426 1 8825 8827
4427 1 8828 8829
4428 1 8828 8830
4429 1 8831 8832
4430 1 8831 8833
4431 1 8834 8835
4432 1 8834 8836
4433 1 8837 8838
4434 1 8837 8839
4435 1 8840 8841
4436 1 8840 8842
4437 1 8843 8844
4438 1 8843 8845
4439 1 8846 8847
4440 1 8846 8848
4441 1 8849 8850
4442 1 8849 8851
4443 1 8852 8853
4444 1 8852 8854
4445 1 8855 8856
4446 1 8855 8857
4447 1 8858 8859
4448 1 8858 8860
4449 1 8861 8862
4450 1 8861 8863
4451 1 8864 8865
4452 1 8864 8866
4453 1 8867 8868
4454 1 8867 8869
4455 1 8870 8871
4456 1 8870 8872
4457 1 8873 8874
4458 1 8873 8875
4459 1 8876 8877
4460 1 8876 8878
4461 1 8879 8880
4462 1 8879 8881
4463 1 8882 8883
4464 1 8882 8884
4465 1 8885 8886
4466 1 8885 8887
4467 1 8888 8889
4468 1 8888 8890
4469 1 8891 8892
4470 1 8891 8893
4471 1 8894 8895
4472 1 8894 8896
4473 1 8897 8898
4474 1 8897 8899
4475 1 8900 8901
4476 1 8900 8902
4477 1 8903 8904
4478 1 8903 8905
4479 1 8906 8907
4480 1 8906 8908
4481 1 8909 8910
4482 1 8909 8911
4483 1 8912 8913
4484 1 8912 8914
4485 1 8915 8916
4486 1 8915 8917
4487 1 8918 8919
4488 1 8918 8920
4489 1 8921 8922
4490 1 8921 8923
4491 1 8924 8925
4492 1 8924 8926
4493 1 8927 8928
4494 1 8927 8929
4495 1 8930 8931
4496 1 8930 8932
4497 1 8933 8934
4498 1 8933 8935
4499 1 8936 8937
4500 1 8936 8938
4501 1 8939 8940
4502 1 8939 8941
4503 1 8942 8943
4504 1 8942 8944
4505 1 8945 8946
4506 1 8945 8947
4507 1 8948 8949
4508 1 8948 8950
4509 1 8951 8952
4510 1 8951 8953
4511 1 8954 8955
4512 1 8954 8956
4513 1 8957 8958
4514 1 8957 8959
4515 1 8960 8961
4516 1 8960 8962
4517 1 8963 8964
4518 1 8963 8965
4519 1 8966 8967
4520 1 8966 8968
4521 1 8969 8970
4522 1 8969 8971
4523 1 8972 8973
4524 1 8972 8974
4525 1 8975 8976
4526 1 8975 8977
4527 1 8978 8979
4528 1 8978 8980
4529 1 8981 8982
4530 1 8981 8983
4531 1 8984 8985
4532 1 8984 8986
4533 1 8987 8988
4534 1 8987 8989
4535 1 8990 8991
4536 1 8990 8992
4537 1 8993 8994
4538 1 8993 8995
4539 1 8996 8997
4540 1 8996 8998
4541 1 8999 9000
4542 1 8999 9001
4543 1 9002 9003
4544 1 9002 9004
4545 1 9005 9006
4546 1 9005 9007
4547 1 9008 9009
4548 1 9008 9010
4549 1 9011 9012
4550 1 9011 9013
4551 1 9014 9015
4552 1 9014 9016
4553 1 9017 9018
4554 1 9017 9019
4555 1 9020 9021
4556 1 9020 9022
4557 1 9023 9024
4558 1 9023 9025
4559 1 9026 9027
4560 1 9026 9028
4561 1 9029 9030
4562 1 9029 9031
4563 1 9032 9033
4564 1 9032 9034
4565 1 9035 9036
4566 1 9035 9037
4567 1 9038 9039
4568 1 9038 9040
4569 1 9041 9042
4570 1 9041 9043
4571 1 9044 9045
4572 1 9044 9046
4573 1 9047 9048
4574 1 9047 9049
4575 1 9050 9051
4576 1 9050 9052
4577 1 9053 9054
4578 1 9053 9055
4579 1 9056 9057
4580 1 9056 9058
4581 1 9059 9060
4582 1 9059 9061
4583 1 9062 9063
4584 1 9062 9064
4585 1 9065 9066
4586 1 9065 9067
4587 1 9068 9069
4588 1 9068 9070
4589 1 9071 9072
4590 1 9071 9073
4591 1 9074 9075
4592 1 9074 9076
4593 1 9077 9078
4594 1 9077 9079
4595 1 9080 9081
4596 1 9080 9082
4597 1 9083 9084
4598 1 9083 9085
4599 1 9086 9087
4600 1 9086 9088
4601 1 9089 9090
4602 1 9089 9091
4603 1 9092 9093
4604 1 9092 9094
4605 1 9095 9096
4606 1 9095 9097
4607 1 9098 9099
4608 1 9098 9100
4609 1 9101 9102
4610 1 9101 9103
4611 1 9104 9105
4612 1 9104 9106
4613 1 9107 9108
4614 1 9107 9109
4615 1 9110 9111
4616 1 9110 9112
4617 1 9113 9114
4618 1 9113 9115
4619 1 9116 9117
4620 1 9116 9118
4621 1 9119 9120
4622 1 9119 9121
4623 1 9122 9123
4624 1 9122 9124
4625 1 9125 9126
4626 1 9125 9127
4627 1 9128 9129
4628 1 9128 9130
4629 1 9131 9132
4630 1 9131 9133
4631 1 9134 9135
4632 1 9134 9136
4633 1 9137 9138
4634 1 9137 9139
4635 1 9140 9141
4636 1 9140 9142
4637 1 9143 9144
4638 1 9143 9145
4639 1 9146 9147
4640 1 9146 9148
4641 1 9149 9150
4642 1 9149 9151
4643 1 9152 9153
4644 1 9152 9154
4645 1 9155 9156
4646 1 9155 9157
4647 1 9158 9159
4648 1 9158 9160
4649 1 9161 9162
4650 1 9161 9163
4651 1 9164 9165
4652 1 9164 9166
4653 1 9167 9168
4654 1 9167 9169
4655 1 9170 9171
4656 1 9170 9172
4657 1 9173 9174
4658 1 9173 9175
4659 1 9176 9177
4660 1 9176 9178
4661 1 9179 9180
4662 1 9179 9181
4663 1 9182 9183
4664 1 9182 9184
4665 1 9185 9186
4666 1 9185 9187
4667 1 9188 9189
4668 1 9188 9190
4669 1 9191 9192
4670 1 9191 9193
4671 1 9194 9195
4672 1 9194 9196
4673 1 9197 9198
4674 1 9197 9199
4675 1 9200 9201
4676 1 9200 9202
4677 1 9203 9204
4678 1 9203 9205
4679 1 9206 9207
4680 1 9206 9208
4681 1 9209 9210
4682 1 9209 9211
4683 1 9212 9213
4684 1 9212 9214
4685 1 9215 9216
4686 1 9215 9217
4687 1 9218 9219
4688 1 9218 9220
4689 1 9221 9222
4690 1 9221 9223
4691 1 9224 9225
4692 1 9224 9226
4693 1 9227 9228
4694 1 9227 9229
4695 1 9230 9231
4696 1 9230 9232
4697 1 9233 9234
4698 1 9233 9235
4699 1 9236 9237
4700 1 9236 9238
4701 1 9239 9240
4702 1 9239 9241
4703 1 9242 9243
4704 1 9242 9244
4705 1 9245 9246
4706 1 9245 9247
4707 1 9248 9249
4708 1 9248 9250
4709 1 9251 9252
4710 1 9251 9253
4711 1 9254 9255
4712 1 9254 9256
4713 1 9257 9258
4714 1 9257 9259
4715 1 9260 9261
4716 1 9260 9262
4717 1 9263 9264
4718 1 9263 9265
4719 1 9266 9267
4720 1 9266 9268
4721 1 9269 9270
4722 1 9269 9271
4723 1 9272 9273
4724 1 9272 9274
4725 1 9275 9276
4726 1 9275 9277
4727 1 9278 9279
4728 1 9278 9280
4729 1 9281 9282
4730 1 9281 9283
4731 1 9284 9285
4732 1 9284 9286
4733 1 9287 9288
4734 1 9287 9289
4735 1 9290 9291
4736 1 9290 9292
4737 1 9293 9294
4738 1 9293 9295
4739 1 9296 9297
4740 1 9296 9298
4741 1 9299 9300
4742 1 9299 9301
4743 1 9302 9303
4744 1 9302 9304
4745 1 9305 9306
4746 1 9305 9307
4747 1 9308 9309
4748 1 9308 9310
4749 1 9311 9312
4750 1 9311 9313
4751 1 9314 9315
4752 1 9314 9316
4753 1 9317 9318
4754 1 9317 9319
4755 1 9320 9321
4756 1 9320 9322
4757 1 9323 9324
4758 1 9323 9325
4759 1 9326 9327
4760 1 9326 9328
4761 1 9329 9330
4762 1 9329 9331
4763 1 9332 9333
4764 1 9332 9334
4765 1 9335 9336
4766 1 9335 9337
4767 1 9338 9339
4768 1 9338 9340
4769 1 9341 9342
4770 1 9341 9343
4771 1 9344 9345
4772 1 9344 9346
4773 1 9347 9348
4774 1 9347 9349
4775 1 9350 9351
4776 1 9350 9352
4777 1 9353 9354
4778 1 9353 9355
4779 1 9356 9357
4780 1 9356 9358
4781 1 9359 9360
4782 1 9359 9361
4783 1 9362 9363
4784 1 9362 9364
4785 1 9365 9366
4786 1 9365 9367
4787 1 9368 9369
4788 1 9368 9370
4789 1 9371 9372
4790 1 9371 9373
4791 1 9374 9375
4792 1 9374 9376
4793 1 9377 9378
4794 1 9377 9379
4795 1 9380 9381
4796 1 9380 9382
4797 1 9383 9384
4798 1 9383 9385
4799 1 9386 9387
4800 1 9386 9388
4801 1 9389 9390
4802 1 9389 9391
4803 1 9392 9393
4804 1 9392 9394
4805 1 9395 9396
4806 1 9395 9397
4807 1 9398 9399
4808 1 9398 9400
4809 1 9401 9402
4810 1 9401 9403
4811 1 9404 9405
4812 1 9404 9406
4813 1 9407 9408
4814 1 9407 9409
4815 1 9410 9411
4816 1 9410 9412
4817 1 9413 9414
4818 1 9413 9415
4819 1 9416 9417
4820 1 9416 9418
4821 1 9419 9420
4822 1 9419 9421
4823 1 9422 9423
4824 1 9422 9424
4825 1 9425 9426
4826 1 9425 9427
4827 1 9428 9429
4828 1 9428 9430
4829 1 9431 9432
4830 1 9431 9433
4831 1 9434 9435
4832 1 9434 9436
4833 1 9437 9438
4834 1 9437 9439
4835 1 9440 9441
4836 1 9440 9442
4837 1 9443 9444
4838 1 9443 9445
4839 1 9446 9447
4840 1 9446 9448
4841 1 9449 9450
4842 1 9449 9451
4843 1 9452 9453
4844 1 9452 9454
4845 1 9455 9456
4846 1 9455 9457
4847 1 9458 9459
4848 1 9458 9460
4849 1 9461 9462
4850 1 9461 9463
4851 1 9464 9465
4852 1 9464 9466
4853 1 9467 9468
4854 1 9467 9469
4855 1 9470 9471
4856 1 9470 9472
4857 1 9473 9474
4858 1 9473 9475
4859 1 9476 9477
4860 1 9476 9478
4861 1 9479 9480
4862 1 9479 9481
4863 1 9482 9483
4864 1 9482 9484
4865 1 9485 9486
4866 1 9485 9487
4867 1 9488 9489
4868 1 9488 9490
4869 1 9491 9492
4870 1 9491 9493
4871 1 9494 9495
4872 1 9494 9496
4873 1 9497 9498
4874 1 9497 9499
4875 1 9500 9501
4876 1 9500 9502
4877 1 9503 9504
4878 1 9503 9505
4879 1 9506 9507
4880 1 9506 9508
4881 1 9509 9510
4882 1 9509 9511
4883 1 9512 9513
4884 1 9512 9514
4885 1 9515 9516
4886 1 9515 9517
4887 1 9518 9519
4888 1 9518 9520
4889 1 9521 9522
4890 1 9521 9523
4891 1 9524 9525
4892 1 9524 9526
4893 1 9527 9528
4894 1 9527 9529
4895 1 9530 9531
4896 1 9530 9532
4897 1 9533 9534
4898 1 9533 9535
4899 1 9536 9537
4900 1 9536 9538
4901 1 9539 9540
4902 1 9539 9541
4903 1 9542 9543
4904 1 9542 9544
4905 1 9545 9546
4906 1 9545 9547
4907 1 9548 9549
4908 1 9548 9550
4909 1 9551 9552
4910 1 9551 9553
4911 1 9554 9555
4912 1 9554 9556
4913 1 9557 9558
4914 1 9557 9559
4915 1 9560 9561
4916 1 9560 9562
4917 1 9563 9564
4918 1 9563 9565
4919 1 9566 9567
4920 1 9566 9568
4921 1 9569 9570
4922 1 9569 9571
4923 1 9572 9573
4924 1 9572 9574
4925 1 9575 9576
4926 1 9575 9577
4927 1 9578 9579
4928 1 9578 9580
4929 1 9581 9582
4930 1 9581 9583
4931 1 9584 9585
4932 1 9584 9586
4933 1 9587 9588
4934 1 9587 9589
4935 1 9590 9591
4936 1 9590 9592
4937 1 9593 9594
4938 1 9593 9595
4939 1 9596 9597
4940 1 9596 9598
4941 1 9599 9600
4942 1 9599 9601
4943 1 9602 9603
4944 1 9602 9604
4945 1 9605 9606
4946 1 9605 9607
4947 1 9608 9609
4948 1 9608 9610
4949 1 9611 9612
4950 1 9611 9613
4951 1 9614 9615
4952 1 9614 9616
4953 1 9617 9618
4954 1 9617 9619
4955 1 9620 9621
4956 1 9620 9622
4957 1 9623 9624
4958 1 9623 9625
4959 1 9626 9627
4960 1 9626 9628
4961 1 9629 9630
4962 1 9629 9631
4963 1 9632 9633
4964 1 9632 9634
4965 1 9635 9636
4966 1 9635 9637
4967 1 9638 9639
4968 1 9638 9640
4969 1 9641 9642
4970 1 9641 9643
4971 1 9644 9645
4972 1 9644 9646
4973 1 9647 9648
4974 1 9647 9649
4975 1 9650 9651
4976 1 9650 9652
4977 1 9653 9654
4978 1 9653 9655
4979 1 9656 9657
4980 1 9656 9658
4981 1 9659 9660
4982 1 9659 9661
4983 1 9662 9663
4984 1 9662 9664
4985 1 9665 9666
4986 1 9665 9667
4987 1 9668 9669
4988 1 9668 9670
4989 1 9671 9672
4990 1 9671 9673
4991 1 9674 9675
4992 1 9674 9676
