1 1 1086 1085 1087
2 1 1089 1088 1090
3 1 1092 1091 1093
4 1 1095 1094 1096
5 1 1098 1097 1099
6 1 1101 1100 1102
7 1 1104 1103 1105
8 1 1107 1106 1108
9 1 1110 1109 1111
10 1 1113 1112 1114
11 1 1116 1115 1117
12 1 1119 1118 1120
13 1 1122 1121 1123
14 1 1125 1124 1126
15 1 1128 1127 1129
16 1 1131 1130 1132
17 1 1134 1133 1135
18 1 1137 1136 1138
19 1 1140 1139 1141
20 1 1143 1142 1144
21 1 1146 1145 1147
22 1 1149 1148 1150
23 1 1152 1151 1153
24 1 1155 1154 1156
25 1 1158 1157 1159
26 1 1161 1160 1162
27 1 1164 1163 1165
28 1 1167 1166 1168
29 1 1170 1169 1171
30 1 1173 1172 1174
31 1 1176 1175 1177
32 1 1179 1178 1180
33 1 1182 1181 1183
34 1 1185 1184 1186
35 1 1188 1187 1189
36 1 1191 1190 1192
37 1 1194 1193 1195
38 1 1197 1196 1198
39 1 1200 1199 1201
40 1 1203 1202 1204
41 1 1206 1205 1207
42 1 1209 1208 1210
43 1 1212 1211 1213
44 1 1215 1214 1216
45 1 1218 1217 1219
46 1 1221 1220 1222
47 1 1224 1223 1225
48 1 1227 1226 1228
49 1 1230 1229 1231
50 1 1233 1232 1234
51 1 1236 1235 1237
52 1 1239 1238 1240
53 1 1242 1241 1243
54 1 1245 1244 1246
55 1 1248 1247 1249
56 1 1251 1250 1252
57 1 1254 1253 1255
58 1 1257 1256 1258
59 1 1260 1259 1261
60 1 1263 1262 1264
61 1 1266 1265 1267
62 1 1269 1268 1270
63 1 1272 1271 1273
64 1 1275 1274 1276
65 1 1278 1277 1279
66 1 1281 1280 1282
67 1 1284 1283 1285
68 1 1287 1286 1288
69 1 1290 1289 1291
70 1 1293 1292 1294
71 1 1296 1295 1297
72 1 1299 1298 1300
73 1 1302 1301 1303
74 1 1305 1304 1306
75 1 1308 1307 1309
76 1 1311 1310 1312
77 1 1314 1313 1315
78 1 1317 1316 1318
79 1 1320 1319 1321
80 1 1323 1322 1324
81 1 1326 1325 1327
82 1 1329 1328 1330
83 1 1332 1331 1333
84 1 1335 1334 1336
85 1 1338 1337 1339
86 1 1341 1340 1342
87 1 1344 1343 1345
88 1 1347 1346 1348
89 1 1350 1349 1351
90 1 1353 1352 1354
91 1 1356 1355 1357
92 1 1359 1358 1360
93 1 1362 1361 1363
94 1 1365 1364 1366
95 1 1368 1367 1369
96 1 1371 1370 1372
97 1 1374 1373 1375
98 1 1377 1376 1378
99 1 1380 1379 1381
100 1 1383 1382 1384
101 1 1386 1385 1387
102 1 1389 1388 1390
103 1 1392 1391 1393
104 1 1395 1394 1396
105 1 1398 1397 1399
106 1 1401 1400 1402
107 1 1404 1403 1405
108 1 1407 1406 1408
109 1 1410 1409 1411
110 1 1413 1412 1414
111 1 1416 1415 1417
112 1 1419 1418 1420
113 1 1422 1421 1423
114 1 1425 1424 1426
115 1 1428 1427 1429
116 1 1431 1430 1432
117 1 1434 1433 1435
118 1 1437 1436 1438
119 1 1440 1439 1441
120 1 1443 1442 1444
121 1 1446 1445 1447
122 1 1449 1448 1450
123 1 1452 1451 1453
124 1 1455 1454 1456
125 1 1458 1457 1459
126 1 1461 1460 1462
127 1 1464 1463 1465
128 1 1467 1466 1468
129 1 1470 1469 1471
130 1 1473 1472 1474
131 1 1476 1475 1477
132 1 1479 1478 1480
133 1 1482 1481 1483
134 1 1485 1484 1486
135 1 1488 1487 1489
136 1 1491 1490 1492
137 1 1494 1493 1495
138 1 1497 1496 1498
139 1 1500 1499 1501
140 1 1503 1502 1504
141 1 1506 1505 1507
142 1 1509 1508 1510
143 1 1512 1511 1513
144 1 1515 1514 1516
145 1 1518 1517 1519
146 1 1521 1520 1522
147 1 1524 1523 1525
148 1 1527 1526 1528
149 1 1530 1529 1531
150 1 1533 1532 1534
151 1 1536 1535 1537
152 1 1539 1538 1540
153 1 1542 1541 1543
154 1 1545 1544 1546
155 1 1548 1547 1549
156 1 1551 1550 1552
157 1 1554 1553 1555
158 1 1557 1556 1558
159 1 1560 1559 1561
160 1 1563 1562 1564
161 1 1566 1565 1567
162 1 1569 1568 1570
163 1 1572 1571 1573
164 1 1575 1574 1576
165 1 1578 1577 1579
166 1 1581 1580 1582
167 1 1584 1583 1585
168 1 1587 1586 1588
169 1 1590 1589 1591
170 1 1593 1592 1594
171 1 1596 1595 1597
172 1 1599 1598 1600
173 1 1602 1601 1603
174 1 1605 1604 1606
175 1 1608 1607 1609
176 1 1611 1610 1612
177 1 1614 1613 1615
178 1 1617 1616 1618
179 1 1620 1619 1621
180 1 1623 1622 1624
181 1 1626 1625 1627
182 1 1629 1628 1630
183 1 1632 1631 1633
184 1 1635 1634 1636
185 1 1638 1637 1639
186 1 1641 1640 1642
187 1 1644 1643 1645
188 1 1647 1646 1648
189 1 1650 1649 1651
190 1 1653 1652 1654
191 1 1656 1655 1657
192 1 1659 1658 1660
193 1 1662 1661 1663
194 1 1665 1664 1666
195 1 1668 1667 1669
196 1 1671 1670 1672
197 1 1674 1673 1675
198 1 1677 1676 1678
199 1 1680 1679 1681
200 1 1683 1682 1684
201 1 1686 1685 1687
202 1 1689 1688 1690
203 1 1692 1691 1693
204 1 1695 1694 1696
205 1 1698 1697 1699
206 1 1701 1700 1702
207 1 1704 1703 1705
208 1 1707 1706 1708
209 1 1710 1709 1711
210 1 1713 1712 1714
211 1 1716 1715 1717
212 1 1719 1718 1720
213 1 1722 1721 1723
214 1 1725 1724 1726
215 1 1728 1727 1729
216 1 1731 1730 1732
217 1 1734 1733 1735
218 1 1737 1736 1738
219 1 1740 1739 1741
220 1 1743 1742 1744
221 1 1746 1745 1747
222 1 1749 1748 1750
223 1 1752 1751 1753
224 1 1755 1754 1756
225 1 1758 1757 1759
226 1 1761 1760 1762
227 1 1764 1763 1765
228 1 1767 1766 1768
229 1 1770 1769 1771
230 1 1773 1772 1774
231 1 1776 1775 1777
232 1 1779 1778 1780
233 1 1782 1781 1783
234 1 1785 1784 1786
235 1 1788 1787 1789
236 1 1791 1790 1792
237 1 1794 1793 1795
238 1 1797 1796 1798
239 1 1800 1799 1801
240 1 1803 1802 1804
241 1 1806 1805 1807
242 1 1809 1808 1810
243 1 1812 1811 1813
244 1 1815 1814 1816
245 1 1818 1817 1819
246 1 1821 1820 1822
247 1 1824 1823 1825
248 1 1827 1826 1828
249 1 1830 1829 1831
250 1 1833 1832 1834
251 1 1836 1835 1837
252 1 1839 1838 1840
253 1 1842 1841 1843
254 1 1845 1844 1846
255 1 1848 1847 1849
256 1 1851 1850 1852
257 1 1854 1853 1855
258 1 1857 1856 1858
259 1 1860 1859 1861
260 1 1863 1862 1864
261 1 1866 1865 1867
262 1 1869 1868 1870
263 1 1872 1871 1873
264 1 1875 1874 1876
265 1 1878 1877 1879
266 1 1881 1880 1882
267 1 1884 1883 1885
268 1 1887 1886 1888
269 1 1890 1889 1891
270 1 1893 1892 1894
271 1 1896 1895 1897
272 1 1899 1898 1900
273 1 1902 1901 1903
274 1 1905 1904 1906
275 1 1908 1907 1909
276 1 1911 1910 1912
277 1 1914 1913 1915
278 1 1917 1916 1918
279 1 1920 1919 1921
280 1 1923 1922 1924
281 1 1926 1925 1927
282 1 1929 1928 1930
283 1 1932 1931 1933
284 1 1935 1934 1936
285 1 1938 1937 1939
286 1 1941 1940 1942
287 1 1944 1943 1945
288 1 1947 1946 1948
289 1 1950 1949 1951
290 1 1953 1952 1954
291 1 1956 1955 1957
292 1 1959 1958 1960
293 1 1962 1961 1963
294 1 1965 1964 1966
295 1 1968 1967 1969
296 1 1971 1970 1972
297 1 1974 1973 1975
298 1 1977 1976 1978
299 1 1980 1979 1981
300 1 1983 1982 1984
301 1 1986 1985 1987
302 1 1989 1988 1990
303 1 1992 1991 1993
304 1 1995 1994 1996
305 1 1998 1997 1999
306 1 2001 2000 2002
307 1 2004 2003 2005
308 1 2007 2006 2008
309 1 2010 2009 2011
310 1 2013 2012 2014
311 1 2016 2015 2017
312 1 2019 2018 2020
313 1 2022 2021 2023
314 1 2025 2024 2026
315 1 2028 2027 2029
316 1 2031 2030 2032
317 1 2034 2033 2035
318 1 2037 2036 2038
319 1 2040 2039 2041
320 1 2043 2042 2044
321 1 2046 2045 2047
322 1 2049 2048 2050
323 1 2052 2051 2053
324 1 2055 2054 2056
325 1 2058 2057 2059
326 1 2061 2060 2062
327 1 2064 2063 2065
328 1 2067 2066 2068
329 1 2070 2069 2071
330 1 2073 2072 2074
331 1 2076 2075 2077
332 1 2079 2078 2080
333 1 2082 2081 2083
334 1 2085 2084 2086
335 1 2088 2087 2089
336 1 2091 2090 2092
337 1 2094 2093 2095
338 1 2097 2096 2098
339 1 2100 2099 2101
340 1 2103 2102 2104
341 1 2106 2105 2107
342 1 2109 2108 2110
343 1 2112 2111 2113
344 1 2115 2114 2116
345 1 2118 2117 2119
346 1 2121 2120 2122
347 1 2124 2123 2125
348 1 2127 2126 2128
349 1 2130 2129 2131
350 1 2133 2132 2134
351 1 2136 2135 2137
352 1 2139 2138 2140
353 1 2142 2141 2143
354 1 2145 2144 2146
355 1 2148 2147 2149
356 1 2151 2150 2152
357 1 2154 2153 2155
358 1 2157 2156 2158
359 1 2160 2159 2161
360 1 2163 2162 2164
361 1 2166 2165 2167
362 1 2169 2168 2170
363 1 2172 2171 2173
364 1 2175 2174 2176
365 1 2178 2177 2179
366 1 2181 2180 2182
367 1 2184 2183 2185
368 1 2187 2186 2188
369 1 2190 2189 2191
370 1 2193 2192 2194
371 1 2196 2195 2197
372 1 2199 2198 2200
373 1 2202 2201 2203
374 1 2205 2204 2206
375 1 2208 2207 2209
376 1 2211 2210 2212
377 1 2214 2213 2215
378 1 2217 2216 2218
379 1 2220 2219 2221
380 1 2223 2222 2224
381 1 2226 2225 2227
382 1 2229 2228 2230
383 1 2232 2231 2233
384 1 2235 2234 2236
385 1 2238 2237 2239
386 1 2241 2240 2242
387 1 2244 2243 2245
388 1 2247 2246 2248
389 1 2250 2249 2251
390 1 2253 2252 2254
391 1 2256 2255 2257
392 1 2259 2258 2260
393 1 2262 2261 2263
394 1 2265 2264 2266
395 1 2268 2267 2269
396 1 2271 2270 2272
397 1 2274 2273 2275
398 1 2277 2276 2278
399 1 2280 2279 2281
400 1 2283 2282 2284
401 1 2286 2285 2287
402 1 2289 2288 2290
403 1 2292 2291 2293
404 1 2295 2294 2296
405 1 2298 2297 2299
406 1 2301 2300 2302
407 1 2304 2303 2305
408 1 2307 2306 2308
409 1 2310 2309 2311
410 1 2313 2312 2314
411 1 2316 2315 2317
412 1 2319 2318 2320
413 1 2322 2321 2323
414 1 2325 2324 2326
415 1 2328 2327 2329
416 1 2331 2330 2332
417 1 2334 2333 2335
418 1 2337 2336 2338
419 1 2340 2339 2341
420 1 2343 2342 2344
421 1 2346 2345 2347
422 1 2349 2348 2350
423 1 2352 2351 2353
424 1 2355 2354 2356
425 1 2358 2357 2359
426 1 2361 2360 2362
427 1 2364 2363 2365
428 1 2367 2366 2368
429 1 2370 2369 2371
430 1 2373 2372 2374
431 1 2376 2375 2377
432 1 2379 2378 2380
433 1 2382 2381 2383
434 1 2385 2384 2386
435 1 2388 2387 2389
436 1 2391 2390 2392
437 1 2394 2393 2395
438 1 2397 2396 2398
439 1 2400 2399 2401
440 1 2403 2402 2404
441 1 2406 2405 2407
442 1 2409 2408 2410
443 1 2412 2411 2413
444 1 2415 2414 2416
445 1 2418 2417 2419
446 1 2421 2420 2422
447 1 2424 2423 2425
448 1 2427 2426 2428
449 1 2430 2429 2431
450 1 2433 2432 2434
451 1 2436 2435 2437
452 1 2439 2438 2440
453 1 2442 2441 2443
454 1 2445 2444 2446
455 1 2448 2447 2449
456 1 2451 2450 2452
457 1 2454 2453 2455
458 1 2457 2456 2458
459 1 2460 2459 2461
460 1 2463 2462 2464
461 1 2466 2465 2467
462 1 2469 2468 2470
463 1 2472 2471 2473
464 1 2475 2474 2476
465 1 2478 2477 2479
466 1 2481 2480 2482
467 1 2484 2483 2485
468 1 2487 2486 2488
469 1 2490 2489 2491
470 1 2493 2492 2494
471 1 2496 2495 2497
472 1 2499 2498 2500
473 1 2502 2501 2503
474 1 2505 2504 2506
475 1 2508 2507 2509
476 1 2511 2510 2512
477 1 2514 2513 2515
478 1 2517 2516 2518
479 1 2520 2519 2521
480 1 2523 2522 2524
481 1 2526 2525 2527
482 1 2529 2528 2530
483 1 2532 2531 2533
484 1 2535 2534 2536
485 1 2538 2537 2539
486 1 2541 2540 2542
487 1 2544 2543 2545
488 1 2547 2546 2548
489 1 2550 2549 2551
490 1 2553 2552 2554
491 1 2556 2555 2557
492 1 2559 2558 2560
493 1 2562 2561 2563
494 1 2565 2564 2566
495 1 2568 2567 2569
496 1 2571 2570 2572
497 1 2574 2573 2575
498 1 2577 2576 2578
499 1 2580 2579 2581
500 1 2583 2582 2584
501 1 2586 2585 2587
502 1 2589 2588 2590
503 1 2592 2591 2593
504 1 2595 2594 2596
505 1 2598 2597 2599
506 1 2601 2600 2602
507 1 2604 2603 2605
508 1 2607 2606 2608
509 1 2610 2609 2611
510 1 2613 2612 2614
511 1 2616 2615 2617
512 1 2619 2618 2620
513 1 2622 2621 2623
514 1 2625 2624 2626
515 1 2628 2627 2629
516 1 2631 2630 2632
517 1 2634 2633 2635
518 1 2637 2636 2638
519 1 2640 2639 2641
520 1 2643 2642 2644
521 1 2646 2645 2647
522 1 2649 2648 2650
523 1 2652 2651 2653
524 1 2655 2654 2656
525 1 2658 2657 2659
526 1 2661 2660 2662
527 1 2664 2663 2665
528 1 2667 2666 2668
529 1 2670 2669 2671
530 1 2673 2672 2674
531 1 2676 2675 2677
532 1 2679 2678 2680
533 1 2682 2681 2683
534 1 2685 2684 2686
535 1 2688 2687 2689
536 1 2691 2690 2692
537 1 2694 2693 2695
538 1 2697 2696 2698
539 1 2700 2699 2701
540 1 2703 2702 2704
541 1 2706 2705 2707
542 1 2709 2708 2710
543 1 2712 2711 2713
544 1 2715 2714 2716
545 1 2718 2717 2719
546 1 2721 2720 2722
547 1 2724 2723 2725
548 1 2727 2726 2728
549 1 2730 2729 2731
550 1 2733 2732 2734
551 1 2736 2735 2737
552 1 2739 2738 2740
553 1 2742 2741 2743
554 1 2745 2744 2746
555 1 2748 2747 2749
556 1 2751 2750 2752
557 1 2754 2753 2755
558 1 2757 2756 2758
559 1 2760 2759 2761
560 1 2763 2762 2764
561 1 2766 2765 2767
562 1 2769 2768 2770
563 1 2772 2771 2773
564 1 2775 2774 2776
565 1 2778 2777 2779
566 1 2781 2780 2782
567 1 2784 2783 2785
568 1 2787 2786 2788
569 1 2790 2789 2791
570 1 2793 2792 2794
571 1 2796 2795 2797
572 1 2799 2798 2800
573 1 2802 2801 2803
574 1 2805 2804 2806
575 1 2808 2807 2809
576 1 2811 2810 2812
577 1 2814 2813 2815
578 1 2817 2816 2818
579 1 2820 2819 2821
580 1 2823 2822 2824
581 1 2826 2825 2827
582 1 2829 2828 2830
583 1 2832 2831 2833
584 1 2835 2834 2836
585 1 2838 2837 2839
586 1 2841 2840 2842
587 1 2844 2843 2845
588 1 2847 2846 2848
589 1 2850 2849 2851
590 1 2853 2852 2854
591 1 2856 2855 2857
592 1 2859 2858 2860
593 1 2862 2861 2863
594 1 2865 2864 2866
595 1 2868 2867 2869
596 1 2871 2870 2872
597 1 2874 2873 2875
598 1 2877 2876 2878
599 1 2880 2879 2881
600 1 2883 2882 2884
601 1 2886 2885 2887
602 1 2889 2888 2890
603 1 2892 2891 2893
604 1 2895 2894 2896
605 1 2898 2897 2899
606 1 2901 2900 2902
607 1 2904 2903 2905
608 1 2907 2906 2908
609 1 2910 2909 2911
610 1 2913 2912 2914
611 1 2916 2915 2917
612 1 2919 2918 2920
613 1 2922 2921 2923
614 1 2925 2924 2926
615 1 2928 2927 2929
616 1 2931 2930 2932
617 1 2934 2933 2935
618 1 2937 2936 2938
619 1 2940 2939 2941
620 1 2943 2942 2944
621 1 2946 2945 2947
622 1 2949 2948 2950
623 1 2952 2951 2953
624 1 2955 2954 2956
625 1 2958 2957 2959
626 1 2961 2960 2962
627 1 2964 2963 2965
628 1 2967 2966 2968
629 1 2970 2969 2971
630 1 2973 2972 2974
631 1 2976 2975 2977
632 1 2979 2978 2980
633 1 2982 2981 2983
634 1 2985 2984 2986
635 1 2988 2987 2989
636 1 2991 2990 2992
637 1 2994 2993 2995
638 1 2997 2996 2998
639 1 3000 2999 3001
640 1 3003 3002 3004
641 1 3006 3005 3007
642 1 3009 3008 3010
643 1 3012 3011 3013
644 1 3015 3014 3016
645 1 3018 3017 3019
646 1 3021 3020 3022
647 1 3024 3023 3025
648 1 3027 3026 3028
649 1 3030 3029 3031
650 1 3033 3032 3034
651 1 3036 3035 3037
652 1 3039 3038 3040
653 1 3042 3041 3043
654 1 3045 3044 3046
655 1 3048 3047 3049
656 1 3051 3050 3052
657 1 3054 3053 3055
658 1 3057 3056 3058
659 1 3060 3059 3061
660 1 3063 3062 3064
661 1 3066 3065 3067
662 1 3069 3068 3070
663 1 3072 3071 3073
664 1 3075 3074 3076
665 1 3078 3077 3079
666 1 3081 3080 3082
667 1 3084 3083 3085
668 1 3087 3086 3088
669 1 3090 3089 3091
670 1 3093 3092 3094
671 1 3096 3095 3097
672 1 3099 3098 3100
673 1 3102 3101 3103
674 1 3105 3104 3106
675 1 3108 3107 3109
676 1 3111 3110 3112
677 1 3114 3113 3115
678 1 3117 3116 3118
679 1 3120 3119 3121
680 1 3123 3122 3124
681 1 3126 3125 3127
682 1 3129 3128 3130
683 1 3132 3131 3133
684 1 3135 3134 3136
685 1 3138 3137 3139
686 1 3141 3140 3142
687 1 3144 3143 3145
688 1 3147 3146 3148
689 1 3150 3149 3151
690 1 3153 3152 3154
691 1 3156 3155 3157
692 1 3159 3158 3160
693 1 3162 3161 3163
694 1 3165 3164 3166
695 1 3168 3167 3169
696 1 3171 3170 3172
697 1 3174 3173 3175
698 1 3177 3176 3178
699 1 3180 3179 3181
700 1 3183 3182 3184
701 1 3186 3185 3187
702 1 3189 3188 3190
703 1 3192 3191 3193
704 1 3195 3194 3196
705 1 3198 3197 3199
706 1 3201 3200 3202
707 1 3204 3203 3205
708 1 3207 3206 3208
709 1 3210 3209 3211
710 1 3213 3212 3214
711 1 3216 3215 3217
712 1 3219 3218 3220
713 1 3222 3221 3223
714 1 3225 3224 3226
715 1 3228 3227 3229
716 1 3231 3230 3232
717 1 3234 3233 3235
718 1 3237 3236 3238
719 1 3240 3239 3241
720 1 3243 3242 3244
721 1 3246 3245 3247
722 1 3249 3248 3250
723 1 3252 3251 3253
724 1 3255 3254 3256
725 1 3258 3257 3259
726 1 3261 3260 3262
727 1 3264 3263 3265
728 1 3267 3266 3268
729 1 3270 3269 3271
730 1 3273 3272 3274
731 1 3276 3275 3277
732 1 3279 3278 3280
733 1 3282 3281 3283
734 1 3285 3284 3286
735 1 3288 3287 3289
736 1 3291 3290 3292
737 1 3294 3293 3295
738 1 3297 3296 3298
739 1 3300 3299 3301
740 1 3303 3302 3304
741 1 3306 3305 3307
742 1 3309 3308 3310
743 1 3312 3311 3313
744 1 3315 3314 3316
745 1 3318 3317 3319
746 1 3321 3320 3322
747 1 3324 3323 3325
748 1 3327 3326 3328
749 1 3330 3329 3331
750 1 3333 3332 3334
751 1 3336 3335 3337
752 1 3339 3338 3340
753 1 3342 3341 3343
754 1 3345 3344 3346
755 1 3348 3347 3349
756 1 3351 3350 3352
757 1 3354 3353 3355
758 1 3357 3356 3358
759 1 3360 3359 3361
760 1 3363 3362 3364
761 1 3366 3365 3367
762 1 3369 3368 3370
763 1 3372 3371 3373
764 1 3375 3374 3376
765 1 3378 3377 3379
766 1 3381 3380 3382
767 1 3384 3383 3385
768 1 3387 3386 3388
769 1 3390 3389 3391
770 1 3393 3392 3394
771 1 3396 3395 3397
772 1 3399 3398 3400
773 1 3402 3401 3403
774 1 3405 3404 3406
775 1 3408 3407 3409
776 1 3411 3410 3412
777 1 3414 3413 3415
778 1 3417 3416 3418
779 1 3420 3419 3421
780 1 3423 3422 3424
781 1 3426 3425 3427
782 1 3429 3428 3430
783 1 3432 3431 3433
784 1 3435 3434 3436
785 1 3438 3437 3439
786 1 3441 3440 3442
787 1 3444 3443 3445
788 1 3447 3446 3448
789 1 3450 3449 3451
790 1 3453 3452 3454
791 1 3456 3455 3457
792 1 3459 3458 3460
793 1 3462 3461 3463
794 1 3465 3464 3466
795 1 3468 3467 3469
796 1 3471 3470 3472
797 1 3474 3473 3475
798 1 3477 3476 3478
799 1 3480 3479 3481
800 1 3483 3482 3484
801 1 3486 3485 3487
802 1 3489 3488 3490
803 1 3492 3491 3493
804 1 3495 3494 3496
805 1 3498 3497 3499
806 1 3501 3500 3502
807 1 3504 3503 3505
808 1 3507 3506 3508
809 1 3510 3509 3511
810 1 3513 3512 3514
811 1 3516 3515 3517
812 1 3519 3518 3520
813 1 3522 3521 3523
814 1 3525 3524 3526
815 1 3528 3527 3529
816 1 3531 3530 3532
817 1 3534 3533 3535
818 1 3537 3536 3538
819 1 3540 3539 3541
820 1 3543 3542 3544
821 1 3546 3545 3547
822 1 3549 3548 3550
823 1 3552 3551 3553
824 1 3555 3554 3556
825 1 3558 3557 3559
826 1 3561 3560 3562
827 1 3564 3563 3565
828 1 3567 3566 3568
829 1 3570 3569 3571
830 1 3573 3572 3574
831 1 3576 3575 3577
832 1 3579 3578 3580
833 1 3582 3581 3583
834 1 3585 3584 3586
835 1 3588 3587 3589
836 1 3591 3590 3592
837 1 3594 3593 3595
838 1 3597 3596 3598
839 1 3600 3599 3601
840 1 3603 3602 3604
841 1 3606 3605 3607
842 1 3609 3608 3610
843 1 3612 3611 3613
844 1 3615 3614 3616
845 1 3618 3617 3619
846 1 3621 3620 3622
847 1 3624 3623 3625
848 1 3627 3626 3628
849 1 3630 3629 3631
850 1 3633 3632 3634
851 1 3636 3635 3637
852 1 3639 3638 3640
853 1 3642 3641 3643
854 1 3645 3644 3646
855 1 3648 3647 3649
856 1 3651 3650 3652
857 1 3654 3653 3655
858 1 3657 3656 3658
859 1 3660 3659 3661
860 1 3663 3662 3664
861 1 3666 3665 3667
862 1 3669 3668 3670
863 1 3672 3671 3673
864 1 3675 3674 3676
